0.000000000000000000e+00 0.000000000000000000e+00 0.000000000000000000e+00 0.000000000000000000e+00
0.000000000000000000e+00 0.000000000000000000e+00 0.000000000000000000e+00 0.000000000000000000e+00
0.000000000000000000e+00 0.000000000000000000e+00 0.000000000000000000e+00 0.000000000000000000e+00
0.000000000000000000e+00 0.000000000000000000e+00 0.000000000000000000e+00 0.000000000000000000e+00
0.000000000000000000e+00 0.000000000000000000e+00 0.000000000000000000e+00 0.000000000000000000e+00
0.000000000000000000e+00 0.000000000000000000e+00 0.000000000000000000e+00 0.000000000000000000e+00
0.000000000000000000e+00 0.000000000000000000e+00 0.000000000000000000e+00 0.000000000000000000e+00
0.000000000000000000e+00 0.000000000000000000e+00 0.000000000000000000e+00 0.000000000000000000e+00
0.000000000000000000e+00 0.000000000000000000e+00 0.000000000000000000e+00 0.000000000000000000e+00
0.000000000000000000e+00 0.000000000000000000e+00 0.000000000000000000e+00 0.000000000000000000e+00
-1.199999999999999956e+00 -1.120000000000000107e+00 -8.000000000000000444e-01 3.068765144342721296e+00
-4.000000000000000222e-01 0.000000000000000000e+00 0.000000000000000000e+00 0.000000000000000000e+00
0.000000000000000000e+00 0.000000000000000000e+00 0.000000000000000000e+00 0.000000000000000000e+00
0.000000000000000000e+00 0.000000000000000000e+00 0.000000000000000000e+00 0.000000000000000000e+00
0.000000000000000000e+00 0.000000000000000000e+00 0.000000000000000000e+00 0.000000000000000000e+00
0.000000000000000000e+00 -3.720011372031999830e+00 1.310614400135545088e+00 4.752315030929483264e+00
-8.000000000000000444e-01 -7.600000000000000089e-01 -2.800000000000000405e-02 4.849712768345094460e+00
0.000000000000000000e+00 0.000000000000000000e+00 0.000000000000000000e+00 -1.000000000000000194e-02
0.000000000000000000e+00 0.000000000000000000e+00 0.000000000000000000e+00 0.000000000000000000e+00
0.000000000000000000e+00 0.000000000000000000e+00 0.000000000000000000e+00 0.000000000000000000e+00
0.000000000000000000e+00 0.000000000000000000e+00 0.000000000000000000e+00 0.000000000000000000e+00
0.000000000000000000e+00 0.000000000000000000e+00 0.000000000000000000e+00 0.000000000000000000e+00
0.000000000000000000e+00 0.000000000000000000e+00 0.000000000000000000e+00 0.000000000000000000e+00
0.000000000000000000e+00 0.000000000000000000e+00 0.000000000000000000e+00 0.000000000000000000e+00
0.000000000000000000e+00 0.000000000000000000e+00 0.000000000000000000e+00 0.000000000000000000e+00
0.000000000000000000e+00 0.000000000000000000e+00 0.000000000000000000e+00 0.000000000000000000e+00
0.000000000000000000e+00 0.000000000000000000e+00 0.000000000000000000e+00 0.000000000000000000e+00
0.000000000000000000e+00 0.000000000000000000e+00 0.000000000000000000e+00 0.000000000000000000e+00
0.000000000000000000e+00 0.000000000000000000e+00 0.000000000000000000e+00 0.000000000000000000e+00
0.000000000000000000e+00 0.000000000000000000e+00 0.000000000000000000e+00 0.000000000000000000e+00
-9.423523840000001817e-02 1.545860061069836977e+00 -3.604864000000000068e+00 4.592579251819950414e+00
-1.180000000000000146e-02 -9.144725302236922371e-03 -4.000000000000000222e-01 -2.999999999999999889e-02
-1.090000000000000170e-02 -1.171000000000000166e-02 -4.000000000000000222e-01 2.760673397430811193e-01
-1.000000000000000194e-02 -1.090000000000000170e-02 0.000000000000000000e+00 0.000000000000000000e+00
0.000000000000000000e+00 0.000000000000000000e+00 0.000000000000000000e+00 0.000000000000000000e+00
-1.195998937295051079e-01 2.503571079403669852e+00 2.081681533847747012e+00 4.977507868274420488e+00
-1.109442329895786450e-01 3.414734127032963418e-01 -2.633608083688708246e-01 5.132982731478940686e+00
-2.868793254616118782e-01 -2.681652905039298429e-01 -4.285218999999999556e-01 8.712108321249431020e-01
-1.090000000000000170e-02 -1.252000000000000161e-02 -1.900000000000000300e-02 -1.000000000000000194e-02
0.000000000000000000e+00 0.000000000000000000e+00 0.000000000000000000e+00 0.000000000000000000e+00
8.300288858090325572e-01 0.000000000000000000e+00 0.000000000000000000e+00 0.000000000000000000e+00
-2.453678876604437759e-02 -4.000000000000000222e-01 0.000000000000000000e+00 0.000000000000000000e+00
0.000000000000000000e+00 0.000000000000000000e+00 0.000000000000000000e+00 0.000000000000000000e+00
0.000000000000000000e+00 0.000000000000000000e+00 0.000000000000000000e+00 0.000000000000000000e+00
0.000000000000000000e+00 0.000000000000000000e+00 0.000000000000000000e+00 0.000000000000000000e+00
2.265031025387310049e+00 -1.199999999999999956e+00 4.760387571997238276e-01 0.000000000000000000e+00
7.135620932561224095e-01 -4.000000000000000222e-01 -4.466971000000000830e-02 -4.900995010000001872e-02
7.004690271132557600e-02 0.000000000000000000e+00 0.000000000000000000e+00 0.000000000000000000e+00
0.000000000000000000e+00 0.000000000000000000e+00 0.000000000000000000e+00 0.000000000000000000e+00
0.000000000000000000e+00 0.000000000000000000e+00 0.000000000000000000e+00 0.000000000000000000e+00
2.112335521144238726e+00 -3.998187706790515605e+00 -2.617600000000000371e+00 5.553014163553082305e+00
1.555837152349326402e-01 -2.095272977793324554e+00 -1.479999999999999982e+00 5.323017426128024532e+00
-2.250365259353605957e-02 -2.072276613030571771e-02 -4.000000000000000222e-01 3.141719273432047821e+00
-1.000000000000000194e-02 -1.090000000000000170e-02 0.000000000000000000e+00 0.000000000000000000e+00
0.000000000000000000e+00 0.000000000000000000e+00 0.000000000000000000e+00 0.000000000000000000e+00
2.034113731992417407e+00 -8.149504000000001858e-02 1.988932997350316034e+00 4.723973891482411425e+00
6.660877437367619391e-01 -5.738880000000000370e-02 2.736733279484752090e-01 4.815935010924169646e+00
-4.529003174178798663e-02 -3.383899044329726630e-02 -3.619969849432901066e-02 3.334027634277429097e+00
-1.090000000000000170e-02 -1.756915244191627548e-02 -1.115107570000000228e-02 -1.000000000000000194e-02
0.000000000000000000e+00 0.000000000000000000e+00 0.000000000000000000e+00 0.000000000000000000e+00
1.034196705444305753e-01 2.090712586076020507e+00 -2.639199999999999768e+00 0.000000000000000000e+00
-2.686164057931014065e-02 2.844324012431746068e-02 0.000000000000000000e+00 0.000000000000000000e+00
-3.659161542009656959e-02 -2.881218967974633061e-02 -4.000000000000000222e-01 -4.000000000000000222e-01
0.000000000000000000e+00 0.000000000000000000e+00 0.000000000000000000e+00 0.000000000000000000e+00
0.000000000000000000e+00 0.000000000000000000e+00 0.000000000000000000e+00 0.000000000000000000e+00
1.846063644820999272e+00 2.494317438106745222e+00 2.030296191542277029e+00 -1.506534400000000273e-01
4.279994679315946016e-02 1.717865694808477839e+00 -2.686553948682147974e-02 -6.793465209301002838e-02
-3.670021774180924345e-01 -1.717394265179099655e-01 -1.666021944069317751e-01 -5.129041693009288583e-01
-2.653478655391000585e-02 -2.680282104490000483e-02 -1.990000000000000449e-02 -1.990000000000000449e-02
0.000000000000000000e+00 0.000000000000000000e+00 0.000000000000000000e+00 0.000000000000000000e+00
2.031991154478878681e+00 2.392931565901630364e+00 -1.152640000000000053e-01 5.173666315312663855e+00
1.974426759870766102e+00 1.614652256323728219e+00 -5.909999999999999976e-02 4.710993477861606493e+00
3.421369650902293391e-01 -3.987853413811943692e-01 3.807363947621325906e+00 1.893781489703821042e-01
-3.089754617504190948e-02 -1.509628037143727342e-02 -1.990000000000000449e-02 -1.990000000000000449e-02
0.000000000000000000e+00 0.000000000000000000e+00 0.000000000000000000e+00 0.000000000000000000e+00
0.000000000000000000e+00 0.000000000000000000e+00 0.000000000000000000e+00 0.000000000000000000e+00
0.000000000000000000e+00 0.000000000000000000e+00 0.000000000000000000e+00 0.000000000000000000e+00
0.000000000000000000e+00 0.000000000000000000e+00 0.000000000000000000e+00 0.000000000000000000e+00
0.000000000000000000e+00 0.000000000000000000e+00 0.000000000000000000e+00 0.000000000000000000e+00
0.000000000000000000e+00 0.000000000000000000e+00 0.000000000000000000e+00 0.000000000000000000e+00
0.000000000000000000e+00 0.000000000000000000e+00 0.000000000000000000e+00 0.000000000000000000e+00
0.000000000000000000e+00 0.000000000000000000e+00 0.000000000000000000e+00 0.000000000000000000e+00
0.000000000000000000e+00 0.000000000000000000e+00 0.000000000000000000e+00 0.000000000000000000e+00
0.000000000000000000e+00 0.000000000000000000e+00 0.000000000000000000e+00 0.000000000000000000e+00
0.000000000000000000e+00 0.000000000000000000e+00 0.000000000000000000e+00 0.000000000000000000e+00
0.000000000000000000e+00 0.000000000000000000e+00 0.000000000000000000e+00 0.000000000000000000e+00
0.000000000000000000e+00 0.000000000000000000e+00 0.000000000000000000e+00 0.000000000000000000e+00
0.000000000000000000e+00 0.000000000000000000e+00 0.000000000000000000e+00 0.000000000000000000e+00
0.000000000000000000e+00 0.000000000000000000e+00 0.000000000000000000e+00 0.000000000000000000e+00
0.000000000000000000e+00 0.000000000000000000e+00 0.000000000000000000e+00 0.000000000000000000e+00
-1.600000000000000089e+00 -1.600000000000000089e+00 -1.600000000000000089e+00 1.657596172494668396e+00
-8.000000000000000444e-01 -4.000000000000000222e-01 -4.000000000000000222e-01 -5.348505848141327235e-02
-4.000000000000000222e-01 -4.000000000000000222e-01 -4.000000000000000222e-01 1.415534153481548887e-02
-4.000000000000000222e-01 -4.000000000000000222e-01 0.000000000000000000e+00 0.000000000000000000e+00
0.000000000000000000e+00 0.000000000000000000e+00 0.000000000000000000e+00 0.000000000000000000e+00
-3.999462443667716194e+00 -1.600000000000000089e+00 2.076879733151826724e+00 2.164665867501855967e+00
-2.775279999999999969e+00 -1.199999999999999956e+00 -4.694984561405832202e-01 9.380129623403878070e-02
-4.000000000000000222e-01 -4.000000000000000222e-01 -4.252900000000000569e-01 -9.355287691890945556e-02
-4.000000000000000222e-01 -4.000000000000000222e-01 -1.900000000000000300e-02 -1.090000000000000170e-02
0.000000000000000000e+00 0.000000000000000000e+00 0.000000000000000000e+00 0.000000000000000000e+00
-1.600000000000000089e+00 2.281607313233928291e+00 -8.000000000000000444e-01 0.000000000000000000e+00
-1.479999999999999982e+00 -6.575072562176536017e-01 -7.600000000000000089e-01 -7.600000000000000089e-01
-4.000000000000000222e-01 4.200555981486954471e-02 0.000000000000000000e+00 0.000000000000000000e+00
-4.000000000000000222e-01 0.000000000000000000e+00 0.000000000000000000e+00 0.000000000000000000e+00
0.000000000000000000e+00 0.000000000000000000e+00 0.000000000000000000e+00 0.000000000000000000e+00
-3.977531426870395848e+00 2.392245086903287188e+00 1.904594289961815123e+00 1.581198735615441109e-02
-3.186602934934720022e+00 -2.373290543279757692e-01 -5.089161077407020617e-01 -5.112982022275044391e-01
-4.000000000000000222e-01 -5.861118589422528724e-02 -3.381952084926231200e-02 -2.970100000000000864e-02
-4.000000000000000222e-01 0.000000000000000000e+00 0.000000000000000000e+00 0.000000000000000000e+00
0.000000000000000000e+00 0.000000000000000000e+00 0.000000000000000000e+00 0.000000000000000000e+00
-3.999999562856127344e+00 2.292847694362973865e+00 -3.999032177385291487e+00 1.084003211044965553e+00
-2.346628000000000380e+00 1.150171385745220931e+00 -2.677302400000000304e+00 -2.901553349160205242e-01
-4.090000000000000302e-01 -2.227907872911765175e-01 -4.000000000000000222e-01 4.533620813602603494e-01
-4.090000000000000302e-01 -7.114118688370903165e-02 -4.000000000000000222e-01 -4.063387573846619083e-01
0.000000000000000000e+00 0.000000000000000000e+00 0.000000000000000000e+00 0.000000000000000000e+00
-3.465353095499578151e-01 2.857854794172600243e+00 1.353558932426017547e+00 2.318907842195509605e+00
-1.661440000000000028e+00 3.169542900485109449e+00 1.808987861063759750e+00 1.980326760207776093e+00
-8.375875880940912843e-01 -8.748651747617738339e-01 -9.032285999152713796e-01 1.779055285928792696e+00
-4.099000000000000421e-01 -1.264796135465417470e-01 -4.000000000000000222e-01 -4.000000000000000222e-01
0.000000000000000000e+00 0.000000000000000000e+00 0.000000000000000000e+00 0.000000000000000000e+00
0.000000000000000000e+00 0.000000000000000000e+00 0.000000000000000000e+00 0.000000000000000000e+00
0.000000000000000000e+00 0.000000000000000000e+00 0.000000000000000000e+00 0.000000000000000000e+00
0.000000000000000000e+00 0.000000000000000000e+00 0.000000000000000000e+00 0.000000000000000000e+00
0.000000000000000000e+00 0.000000000000000000e+00 0.000000000000000000e+00 0.000000000000000000e+00
0.000000000000000000e+00 0.000000000000000000e+00 0.000000000000000000e+00 0.000000000000000000e+00
0.000000000000000000e+00 0.000000000000000000e+00 0.000000000000000000e+00 0.000000000000000000e+00
0.000000000000000000e+00 0.000000000000000000e+00 0.000000000000000000e+00 0.000000000000000000e+00
0.000000000000000000e+00 0.000000000000000000e+00 0.000000000000000000e+00 0.000000000000000000e+00
0.000000000000000000e+00 0.000000000000000000e+00 0.000000000000000000e+00 0.000000000000000000e+00
0.000000000000000000e+00 0.000000000000000000e+00 0.000000000000000000e+00 0.000000000000000000e+00
1.422367254123035663e+00 -1.790003814400000226e-01 -3.978319892905983757e+00 1.552006539088940373e+00
-2.111692550328791995e-01 -2.105876068130693446e-01 -2.056000000000000494e+00 2.585736179618007280e-01
-6.780225721628588276e-02 -6.793465209301002838e-02 -4.000000000000000222e-01 2.535345005056292567e-01
-3.763090000000000879e-02 -3.673090000000001076e-02 -4.000000000000000222e-01 -4.153387573846619163e-01
0.000000000000000000e+00 0.000000000000000000e+00 0.000000000000000000e+00 0.000000000000000000e+00
1.756730637654688731e+00 -3.617606694481591001e-01 1.583773512913451587e+00 2.435177385181187315e+00
3.745854741412524280e-01 -1.016012645457602837e+00 -4.941645329516883844e-01 2.565410021198060608e+00
-2.435459343062454096e-01 -2.413145926433394872e-01 -3.959314482768846455e-01 2.098533146781910830e+00
-1.312541872310217517e-01 -1.309571558618294884e-01 -1.376932303630575560e-01 -4.763588527626961278e-01
0.000000000000000000e+00 0.000000000000000000e+00 0.000000000000000000e+00 0.000000000000000000e+00
1.498323920374019069e+00 1.642901752930029602e+00 -3.998721255251338480e+00 -1.600000000000000089e+00
-7.918053342324515853e-02 -1.729398563609677586e-01 -2.208000000000000185e+00 -1.199999999999999956e+00
-4.269227661303057197e-01 -1.264979923437782316e-01 -4.000000000000000222e-01 -4.000000000000000222e-01
-3.050290000000000640e-02 -3.529000000000000886e-02 -4.000000000000000222e-01 -4.000000000000000222e-01
0.000000000000000000e+00 0.000000000000000000e+00 0.000000000000000000e+00 0.000000000000000000e+00
1.886670634209823394e+00 2.515929046193941865e+00 1.978172724017264850e+00 -3.830619071053267821e-01
2.022322559893172111e-01 2.917401993327514820e+00 3.780904060621126384e-01 -1.066236037792120728e+00
-5.603426034375276199e-01 1.016124370502631269e+00 -8.310585754321658802e-01 -8.090199511781366315e-01
-1.195471914455583096e-01 -4.575790086541674517e-01 -1.242281299899116453e-01 -1.244125432009288573e-01
0.000000000000000000e+00 0.000000000000000000e+00 0.000000000000000000e+00 0.000000000000000000e+00
1.854507269875513398e+00 2.563473520766138325e+00 -3.618530534832020695e-01 1.887487683415173478e+00
1.304207914409190927e+00 3.143081895747400711e+00 -1.710653439999999970e+00 1.860050274490474553e+00
-3.275609269387718125e-01 -4.335030345318834355e-01 1.567969053439688620e+00 8.286243385883754198e-02
-8.438367892496707878e-02 -4.179100000000000037e-01 -7.640797343761901450e-02 -7.114118688370903165e-02
0.000000000000000000e+00 0.000000000000000000e+00 0.000000000000000000e+00 0.000000000000000000e+00
0.000000000000000000e+00 0.000000000000000000e+00 0.000000000000000000e+00 0.000000000000000000e+00
0.000000000000000000e+00 0.000000000000000000e+00 0.000000000000000000e+00 0.000000000000000000e+00
0.000000000000000000e+00 0.000000000000000000e+00 0.000000000000000000e+00 0.000000000000000000e+00
0.000000000000000000e+00 0.000000000000000000e+00 0.000000000000000000e+00 0.000000000000000000e+00
0.000000000000000000e+00 0.000000000000000000e+00 0.000000000000000000e+00 0.000000000000000000e+00
0.000000000000000000e+00 0.000000000000000000e+00 0.000000000000000000e+00 0.000000000000000000e+00
0.000000000000000000e+00 0.000000000000000000e+00 0.000000000000000000e+00 0.000000000000000000e+00
0.000000000000000000e+00 0.000000000000000000e+00 0.000000000000000000e+00 0.000000000000000000e+00
0.000000000000000000e+00 0.000000000000000000e+00 0.000000000000000000e+00 0.000000000000000000e+00
0.000000000000000000e+00 0.000000000000000000e+00 0.000000000000000000e+00 0.000000000000000000e+00
0.000000000000000000e+00 0.000000000000000000e+00 0.000000000000000000e+00 0.000000000000000000e+00
0.000000000000000000e+00 0.000000000000000000e+00 0.000000000000000000e+00 0.000000000000000000e+00
0.000000000000000000e+00 0.000000000000000000e+00 0.000000000000000000e+00 0.000000000000000000e+00
0.000000000000000000e+00 0.000000000000000000e+00 0.000000000000000000e+00 0.000000000000000000e+00
0.000000000000000000e+00 0.000000000000000000e+00 0.000000000000000000e+00 0.000000000000000000e+00
-1.600000000000000089e+00 -2.560000000000000053e+00 -4.000000000000000222e-01 2.933522280344051936e-01
0.000000000000000000e+00 0.000000000000000000e+00 0.000000000000000000e+00 0.000000000000000000e+00
-7.600000000000000089e-01 -7.600000000000000089e-01 -4.000000000000000222e-01 -4.380352961731303063e-01
-4.000000000000000222e-01 0.000000000000000000e+00 0.000000000000000000e+00 0.000000000000000000e+00
0.000000000000000000e+00 0.000000000000000000e+00 0.000000000000000000e+00 0.000000000000000000e+00
-1.600000000000000089e+00 -3.999271577987265847e+00 2.162686276487873815e+00 2.548285605307334833e+00
-1.199999999999999956e+00 -2.983936000000000366e+00 1.860099399619175031e+00 -9.339120335080200452e-02
-7.600000000000000089e-01 -7.600000000000000089e-01 3.342111745622379226e-01 -4.700702636423207403e-01
-4.000000000000000222e-01 -4.000000000000000222e-01 -2.710000000000000603e-02 -1.900000000000000300e-02
0.000000000000000000e+00 0.000000000000000000e+00 0.000000000000000000e+00 0.000000000000000000e+00
0.000000000000000000e+00 0.000000000000000000e+00 0.000000000000000000e+00 0.000000000000000000e+00
0.000000000000000000e+00 0.000000000000000000e+00 0.000000000000000000e+00 0.000000000000000000e+00
0.000000000000000000e+00 0.000000000000000000e+00 0.000000000000000000e+00 0.000000000000000000e+00
0.000000000000000000e+00 0.000000000000000000e+00 0.000000000000000000e+00 0.000000000000000000e+00
0.000000000000000000e+00 0.000000000000000000e+00 0.000000000000000000e+00 0.000000000000000000e+00
0.000000000000000000e+00 0.000000000000000000e+00 0.000000000000000000e+00 0.000000000000000000e+00
0.000000000000000000e+00 0.000000000000000000e+00 0.000000000000000000e+00 0.000000000000000000e+00
0.000000000000000000e+00 0.000000000000000000e+00 0.000000000000000000e+00 0.000000000000000000e+00
0.000000000000000000e+00 0.000000000000000000e+00 0.000000000000000000e+00 0.000000000000000000e+00
0.000000000000000000e+00 0.000000000000000000e+00 0.000000000000000000e+00 0.000000000000000000e+00
-1.506534400000000273e-01 1.977751243652440927e+00 -3.933880236544000208e+00 2.506948762622573934e+00
-2.970100000000000864e-02 -2.000000000000000389e-02 -1.408000000000000362e+00 5.295829817995836297e-01
-1.453454255334328815e-01 -1.436745998359261756e-01 -4.000000000000000222e-01 -7.964242515034203329e-02
-2.970100000000000864e-02 -2.791000000000000772e-02 -4.000000000000000222e-01 -2.152477052094661780e-02
0.000000000000000000e+00 0.000000000000000000e+00 0.000000000000000000e+00 0.000000000000000000e+00
-1.718871040000000128e-01 2.440257756210102880e+00 2.437974657017869973e+00 3.093578520481944150e+00
-3.316424028567956928e-01 4.340005858765882962e-01 1.021887430309030176e+00 1.773975298782865861e+00
-1.836866724806176243e-01 -5.466599477942920560e-01 -5.996074228083115853e-01 -7.733196525411443201e-01
-1.073980113546810083e-01 -1.138795533504679547e-01 -4.277199999999999891e-01 -1.235307313129354601e-01
0.000000000000000000e+00 0.000000000000000000e+00 0.000000000000000000e+00 0.000000000000000000e+00
2.085261162899452181e+00 0.000000000000000000e+00 0.000000000000000000e+00 0.000000000000000000e+00
1.914759819746042924e+00 -1.440000000000000169e+00 -4.000000000000000222e-01 -4.000000000000000222e-01
1.057087464064834448e+00 -7.600000000000000089e-01 -7.600000000000000089e-01 -7.600000000000000089e-01
-1.000000000000000194e-02 0.000000000000000000e+00 0.000000000000000000e+00 0.000000000000000000e+00
0.000000000000000000e+00 0.000000000000000000e+00 0.000000000000000000e+00 0.000000000000000000e+00
2.369680920482617914e+00 -3.981338357962178609e+00 2.005312627119901325e+00 0.000000000000000000e+00
2.502126113237577165e+00 -2.056000000000000494e+00 8.196895936106921021e-02 -7.064640000000002584e-02
-4.614216110475116706e-01 -7.600000000000000089e-01 -3.706287296251251084e-01 4.963184051607779090e-01
-1.179100000000000287e-02 -4.000000000000000222e-01 0.000000000000000000e+00 0.000000000000000000e+00
0.000000000000000000e+00 0.000000000000000000e+00 0.000000000000000000e+00 0.000000000000000000e+00
2.676580368734896354e+00 -3.999265257530645989e+00 -3.998548266077937008e+00 2.140028350546732572e+00
2.980837673457152448e+00 -1.199999999999999956e+00 -3.960000000000001019e-02 2.507832523595640017e-01
1.354880689995548337e+00 -7.734190000000000786e-01 -1.064074000000000186e+00 -7.539279371691700593e-01
-1.267236100000000178e-02 -1.000000000000000194e-02 -1.000000000000000194e-02 -1.000000000000000194e-02
0.000000000000000000e+00 0.000000000000000000e+00 0.000000000000000000e+00 0.000000000000000000e+00
3.239134111289829310e+00 -1.586160640000000011e-01 2.061755670651175709e+00 2.329578674181114195e+00
2.847147291833278082e+00 1.008538364353319672e+00 1.619047753582864457e+00 1.775918826235366010e+00
-8.137309000000001458e-01 -8.627278403011264807e-01 4.341998424551232194e-01 -8.922546283755402596e-01
-6.445886553910001870e-02 -6.721107898519002033e-02 -4.300455100000000197e-01 -4.299340261958745080e-01
0.000000000000000000e+00 0.000000000000000000e+00 0.000000000000000000e+00 0.000000000000000000e+00
2.899267421004334988e+00 1.989945922772583975e+00 -3.999724593529136119e+00 -1.600000000000000089e+00
2.448557712832201361e+00 -3.152865124965987392e-02 -1.199999999999999956e+00 -8.000000000000000444e-01
1.180447487078576163e+00 -1.630900356089558523e-01 -4.000000000000000222e-01 -4.000000000000000222e-01
-1.000000000000000194e-02 -1.000000000000000194e-02 -4.000000000000000222e-01 -4.000000000000000222e-01
0.000000000000000000e+00 0.000000000000000000e+00 0.000000000000000000e+00 0.000000000000000000e+00
3.423586472981573259e+00 2.276945205521889726e+00 2.285594232938068071e+00 -1.872947814400000577e-01
2.300820674791565601e+00 4.378042402505143427e-01 1.053464209937429397e+00 -2.989361208632179689e-01
3.043242219095556589e-01 -7.731894175213744891e-01 -8.030596668848180020e-01 -1.088278216865417036e+00
-5.695862914810000815e-02 -5.525339760619542295e-02 -4.099000000000000421e-01 -5.422301290000001300e-02
0.000000000000000000e+00 0.000000000000000000e+00 0.000000000000000000e+00 0.000000000000000000e+00
2.450210913910305877e+00 2.470605881551766636e+00 -1.846273024000000262e-01 3.135200124239858610e+00
2.166928165382965954e+00 7.662605972883672623e-01 -3.090375950890263401e-01 7.778995041776460839e-01
-8.930870067911124144e-01 -9.298402954663897990e-01 -1.135123442237495839e+00 -3.560904873555307271e-01
-4.000000000000000222e-01 -4.009000000000000341e-01 -5.439507034633775939e-01 -2.946583930730360956e-01
0.000000000000000000e+00 0.000000000000000000e+00 0.000000000000000000e+00 0.000000000000000000e+00
0.000000000000000000e+00 0.000000000000000000e+00 0.000000000000000000e+00 0.000000000000000000e+00
0.000000000000000000e+00 0.000000000000000000e+00 0.000000000000000000e+00 0.000000000000000000e+00
0.000000000000000000e+00 0.000000000000000000e+00 0.000000000000000000e+00 0.000000000000000000e+00
0.000000000000000000e+00 0.000000000000000000e+00 0.000000000000000000e+00 0.000000000000000000e+00
0.000000000000000000e+00 0.000000000000000000e+00 0.000000000000000000e+00 0.000000000000000000e+00
0.000000000000000000e+00 0.000000000000000000e+00 0.000000000000000000e+00 0.000000000000000000e+00
0.000000000000000000e+00 0.000000000000000000e+00 0.000000000000000000e+00 0.000000000000000000e+00
0.000000000000000000e+00 0.000000000000000000e+00 0.000000000000000000e+00 0.000000000000000000e+00
0.000000000000000000e+00 0.000000000000000000e+00 0.000000000000000000e+00 0.000000000000000000e+00
0.000000000000000000e+00 0.000000000000000000e+00 0.000000000000000000e+00 0.000000000000000000e+00
-8.000000000000000444e-01 -8.000000000000000444e-01 2.676335158458069241e+00 0.000000000000000000e+00
0.000000000000000000e+00 0.000000000000000000e+00 0.000000000000000000e+00 0.000000000000000000e+00
-4.000000000000000222e-01 -4.000000000000000222e-01 -2.685735051118872535e-02 -4.000000000000000222e-01
0.000000000000000000e+00 0.000000000000000000e+00 0.000000000000000000e+00 0.000000000000000000e+00
0.000000000000000000e+00 0.000000000000000000e+00 0.000000000000000000e+00 0.000000000000000000e+00
0.000000000000000000e+00 0.000000000000000000e+00 0.000000000000000000e+00 0.000000000000000000e+00
0.000000000000000000e+00 0.000000000000000000e+00 0.000000000000000000e+00 0.000000000000000000e+00
0.000000000000000000e+00 0.000000000000000000e+00 0.000000000000000000e+00 0.000000000000000000e+00
0.000000000000000000e+00 0.000000000000000000e+00 0.000000000000000000e+00 0.000000000000000000e+00
0.000000000000000000e+00 0.000000000000000000e+00 0.000000000000000000e+00 0.000000000000000000e+00
0.000000000000000000e+00 -2.979633280000000273e+00 4.676028631756518728e+00 1.434830165822270853e+00
-1.199999999999999956e+00 -1.084000000000000075e+00 4.718591980702041333e+00 -1.000000000000000194e-02
-4.000000000000000222e-01 -4.000000000000000222e-01 1.198319546768064958e+00 -1.900000000000000300e-02
-4.000000000000000222e-01 -4.000000000000000222e-01 0.000000000000000000e+00 0.000000000000000000e+00
0.000000000000000000e+00 0.000000000000000000e+00 0.000000000000000000e+00 0.000000000000000000e+00
0.000000000000000000e+00 0.000000000000000000e+00 0.000000000000000000e+00 0.000000000000000000e+00
0.000000000000000000e+00 0.000000000000000000e+00 0.000000000000000000e+00 0.000000000000000000e+00
0.000000000000000000e+00 0.000000000000000000e+00 0.000000000000000000e+00 0.000000000000000000e+00
0.000000000000000000e+00 0.000000000000000000e+00 0.000000000000000000e+00 0.000000000000000000e+00
0.000000000000000000e+00 0.000000000000000000e+00 0.000000000000000000e+00 0.000000000000000000e+00
2.474701700623438416e-01 2.027703724336698432e+00 4.811334686427440666e+00 -2.677302400000000304e+00
-4.000000000000000777e-02 2.167704745674629563e-01 -5.800000000000000294e-02 -4.000000000000000222e-01
-1.000000000000000194e-02 -1.251190000000000115e-02 3.502637929160048902e+00 0.000000000000000000e+00
0.000000000000000000e+00 0.000000000000000000e+00 0.000000000000000000e+00 0.000000000000000000e+00
0.000000000000000000e+00 0.000000000000000000e+00 0.000000000000000000e+00 0.000000000000000000e+00
0.000000000000000000e+00 0.000000000000000000e+00 0.000000000000000000e+00 0.000000000000000000e+00
0.000000000000000000e+00 0.000000000000000000e+00 0.000000000000000000e+00 0.000000000000000000e+00
0.000000000000000000e+00 0.000000000000000000e+00 0.000000000000000000e+00 0.000000000000000000e+00
0.000000000000000000e+00 0.000000000000000000e+00 0.000000000000000000e+00 0.000000000000000000e+00
0.000000000000000000e+00 0.000000000000000000e+00 0.000000000000000000e+00 0.000000000000000000e+00
-4.000000000000000777e-02 2.563499399065208184e+00 3.902398620970931375e+00 2.105523813910601838e+00
-9.088264192000000685e-02 4.102544409254008095e-01 4.766509244594073103e+00 -4.603529663323490118e-01
-1.670325017031917825e-02 -1.171000000000000166e-02 4.608390212020434973e+00 -1.000000000000000194e-02
-1.171000000000000166e-02 -1.171000000000000166e-02 1.250710000000000210e+00 -1.000000000000000194e-02
0.000000000000000000e+00 0.000000000000000000e+00 0.000000000000000000e+00 0.000000000000000000e+00
4.204728950224834172e-01 0.000000000000000000e+00 0.000000000000000000e+00 0.000000000000000000e+00
0.000000000000000000e+00 0.000000000000000000e+00 0.000000000000000000e+00 0.000000000000000000e+00
-2.520392487060757469e-02 -4.000000000000000222e-01 0.000000000000000000e+00 0.000000000000000000e+00
0.000000000000000000e+00 0.000000000000000000e+00 0.000000000000000000e+00 0.000000000000000000e+00
0.000000000000000000e+00 0.000000000000000000e+00 0.000000000000000000e+00 0.000000000000000000e+00
2.153466757262402886e+00 -3.950840756078289218e+00 4.351928357405809855e+00 -3.074111680000000124e+00
-4.000000000000000777e-02 -1.375600000000000156e+00 9.993780586414027223e-01 4.669485557496106942e+00
2.844703176726096627e-01 -4.278873746353782370e-01 -1.131275401659300184e-01 -4.000000000000000222e-01
0.000000000000000000e+00 0.000000000000000000e+00 0.000000000000000000e+00 0.000000000000000000e+00
0.000000000000000000e+00 0.000000000000000000e+00 0.000000000000000000e+00 0.000000000000000000e+00
2.260163668769038292e+00 -1.696000000000000174e+00 0.000000000000000000e+00 3.663324405416730212e-01
6.839043509427338297e-01 0.000000000000000000e+00 0.000000000000000000e+00 0.000000000000000000e+00
0.000000000000000000e+00 0.000000000000000000e+00 0.000000000000000000e+00 -1.000000000000000194e-02
0.000000000000000000e+00 0.000000000000000000e+00 0.000000000000000000e+00 0.000000000000000000e+00
0.000000000000000000e+00 0.000000000000000000e+00 0.000000000000000000e+00 0.000000000000000000e+00
2.379894231636748181e+00 -9.423523840000001817e-02 3.775913102795992238e+00 1.960192666764550395e+00
1.298338213147357756e+00 -6.822400000000000686e-02 4.372569250849674738e+00 7.112093067865910001e-02
6.720222999930491881e-02 -2.060450418854927260e-02 4.850499588886571622e+00 5.083914146806634698e-03
-1.090000000000000170e-02 -2.079100000000000392e-02 6.910000000000000586e-01 -1.000000000000000194e-02
0.000000000000000000e+00 0.000000000000000000e+00 0.000000000000000000e+00 0.000000000000000000e+00
1.083756129324612294e+00 2.172287525221511473e+00 0.000000000000000000e+00 -1.199999999999999956e+00
1.517283738960452544e+00 -5.192498179169716815e-02 -4.000000000000000222e-01 -4.000000000000000222e-01
-1.000000000000000194e-02 -4.100781117004264620e-01 -4.000000000000000222e-01 -4.000000000000000222e-01
-1.486980595810000194e-02 0.000000000000000000e+00 0.000000000000000000e+00 0.000000000000000000e+00
0.000000000000000000e+00 0.000000000000000000e+00 0.000000000000000000e+00 0.000000000000000000e+00
2.251474571370819966e+00 1.904126827555008505e+00 4.673148682278408295e+00 -4.000000000000000777e-02
1.695681485347865891e+00 7.832854528233770264e-01 4.682979669460246797e+00 -8.704375999999999780e-02
1.137545615847663227e-01 5.132980694491202922e-02 4.593083169387010223e+00 -1.990000000000000449e-02
-1.171000000000000166e-02 -1.259290000000000236e-02 -1.000000000000000194e-02 1.284557470000000201e+00
0.000000000000000000e+00 0.000000000000000000e+00 0.000000000000000000e+00 0.000000000000000000e+00
1.975382655443831403e+00 2.773340626469654069e+00 0.000000000000000000e+00 2.256664669955505076e+00
1.671292002961401790e+00 6.437680511674714889e-02 -1.204460688176181432e-01 1.132367602584595512e-01
-3.698101470091547105e-02 3.636921470322502237e-01 -3.763090000000000879e-02 -3.940399000000001373e-02
-1.000000000000000194e-02 -1.240049851064913868e-02 0.000000000000000000e+00 0.000000000000000000e+00
0.000000000000000000e+00 0.000000000000000000e+00 0.000000000000000000e+00 0.000000000000000000e+00
0.000000000000000000e+00 0.000000000000000000e+00 0.000000000000000000e+00 0.000000000000000000e+00
0.000000000000000000e+00 0.000000000000000000e+00 0.000000000000000000e+00 0.000000000000000000e+00
0.000000000000000000e+00 0.000000000000000000e+00 0.000000000000000000e+00 0.000000000000000000e+00
0.000000000000000000e+00 0.000000000000000000e+00 0.000000000000000000e+00 0.000000000000000000e+00
0.000000000000000000e+00 0.000000000000000000e+00 0.000000000000000000e+00 0.000000000000000000e+00
0.000000000000000000e+00 0.000000000000000000e+00 0.000000000000000000e+00 0.000000000000000000e+00
0.000000000000000000e+00 0.000000000000000000e+00 0.000000000000000000e+00 0.000000000000000000e+00
0.000000000000000000e+00 0.000000000000000000e+00 0.000000000000000000e+00 0.000000000000000000e+00
0.000000000000000000e+00 0.000000000000000000e+00 0.000000000000000000e+00 0.000000000000000000e+00
0.000000000000000000e+00 0.000000000000000000e+00 0.000000000000000000e+00 0.000000000000000000e+00
-2.487999999999999989e+00 -1.600000000000000089e+00 2.019087507759522282e+00 0.000000000000000000e+00
-4.000000000000000222e-01 -4.000000000000000222e-01 2.121895967738825828e+00 -4.000000000000000222e-01
-4.000000000000000222e-01 -4.000000000000000222e-01 -1.298922995532867941e-01 -4.000000000000000222e-01
-4.000000000000000222e-01 -4.000000000000000222e-01 -1.090000000000000170e-02 0.000000000000000000e+00
0.000000000000000000e+00 0.000000000000000000e+00 0.000000000000000000e+00 0.000000000000000000e+00
0.000000000000000000e+00 0.000000000000000000e+00 0.000000000000000000e+00 0.000000000000000000e+00
0.000000000000000000e+00 0.000000000000000000e+00 0.000000000000000000e+00 0.000000000000000000e+00
0.000000000000000000e+00 0.000000000000000000e+00 0.000000000000000000e+00 0.000000000000000000e+00
0.000000000000000000e+00 0.000000000000000000e+00 0.000000000000000000e+00 0.000000000000000000e+00
0.000000000000000000e+00 0.000000000000000000e+00 0.000000000000000000e+00 0.000000000000000000e+00
-3.993883555092496707e+00 -1.600000000000000089e+00 2.418528346806193330e+00 1.564784124578243452e+00
-3.007976800000000228e+00 -1.600000000000000089e+00 1.188623049588337199e+00 -2.057863758777355445e-01
-4.000000000000000222e-01 -4.000000000000000222e-01 -4.115199999999999969e-01 -5.553756630078991730e-02
-4.000000000000000222e-01 -4.000000000000000222e-01 -1.990000000000000449e-02 -1.000000000000000194e-02
0.000000000000000000e+00 0.000000000000000000e+00 0.000000000000000000e+00 0.000000000000000000e+00
-2.560000000000000053e+00 8.987940453390574902e-01 0.000000000000000000e+00 0.000000000000000000e+00
-1.600000000000000089e+00 -3.137301277364488161e-01 -8.000000000000000444e-01 -1.084000000000000075e+00
-7.600000000000000089e-01 -3.130554753946230284e-01 -7.600000000000000089e-01 -7.600000000000000089e-01
0.000000000000000000e+00 0.000000000000000000e+00 0.000000000000000000e+00 0.000000000000000000e+00
0.000000000000000000e+00 0.000000000000000000e+00 0.000000000000000000e+00 0.000000000000000000e+00
-3.887364574806016382e+00 1.929299504556971412e+00 2.683618211596680680e+00 -3.997855718176650974e+00
-1.148800000000000043e+00 -5.826354782353577733e-01 2.201126718626962298e+00 -1.120000000000000107e+00
-1.270920352911024453e+00 3.517990555373305961e-01 -1.133567450631506102e+00 -1.375600000000000156e+00
-4.090000000000000302e-01 -3.920244742849463004e-02 -2.511108396919000188e-02 -2.970100000000000864e-02
0.000000000000000000e+00 0.000000000000000000e+00 0.000000000000000000e+00 0.000000000000000000e+00
-3.703647999999999385e+00 2.307545389150379656e+00 0.000000000000000000e+00 1.087619676166962979e+00
-2.444800000000000306e+00 -1.094292513127238242e-01 -2.243993445657207209e-01 -2.291144665738179820e-01
-4.000000000000000222e-01 7.029711892646912652e-01 -3.071232759734655593e-01 -3.059045463709649249e-01
-4.000000000000000222e-01 0.000000000000000000e+00 0.000000000000000000e+00 0.000000000000000000e+00
0.000000000000000000e+00 0.000000000000000000e+00 0.000000000000000000e+00 0.000000000000000000e+00
-1.846273024000000262e-01 2.151055427834697387e+00 3.028121779948009795e+00 2.140947665686672607e+00
-7.890609699455460868e-01 2.790214263865325339e+00 1.930641029291902733e+00 1.652929365239514059e+00
2.353245289513084870e+00 -7.740518735542247786e-01 -4.979528284162636487e-01 -4.645429029883798577e-01
-2.670793665484629681e-02 -1.129270174579587172e-01 -1.119403650255163252e-01 -4.000000000000000222e-01
0.000000000000000000e+00 0.000000000000000000e+00 0.000000000000000000e+00 0.000000000000000000e+00
0.000000000000000000e+00 0.000000000000000000e+00 0.000000000000000000e+00 0.000000000000000000e+00
0.000000000000000000e+00 0.000000000000000000e+00 0.000000000000000000e+00 0.000000000000000000e+00
0.000000000000000000e+00 0.000000000000000000e+00 0.000000000000000000e+00 0.000000000000000000e+00
0.000000000000000000e+00 0.000000000000000000e+00 0.000000000000000000e+00 0.000000000000000000e+00
0.000000000000000000e+00 0.000000000000000000e+00 0.000000000000000000e+00 0.000000000000000000e+00
1.456796287364538811e+00 -4.000000000000000777e-02 2.648031329858342442e+00 -3.996988307923034611e+00
-5.920000000000000956e-02 -6.498460000000001735e-02 2.181237187282072831e+00 -2.600320000000000409e+00
-1.735903709131440820e-01 -1.839000118635797376e-01 1.158653266604329879e+00 -4.000000000000000222e-01
-8.220286501487192310e-02 -7.721879138533813136e-02 -4.017100000000000115e-01 -4.000000000000000222e-01
0.000000000000000000e+00 0.000000000000000000e+00 0.000000000000000000e+00 0.000000000000000000e+00
0.000000000000000000e+00 0.000000000000000000e+00 0.000000000000000000e+00 0.000000000000000000e+00
0.000000000000000000e+00 0.000000000000000000e+00 0.000000000000000000e+00 0.000000000000000000e+00
0.000000000000000000e+00 0.000000000000000000e+00 0.000000000000000000e+00 0.000000000000000000e+00
0.000000000000000000e+00 0.000000000000000000e+00 0.000000000000000000e+00 0.000000000000000000e+00
0.000000000000000000e+00 0.000000000000000000e+00 0.000000000000000000e+00 0.000000000000000000e+00
1.723979372642407970e+00 -1.506534400000000273e-01 2.814428236564848529e+00 1.601981220709267628e+00
5.827313816854214901e-01 -3.060347624604687899e-01 2.261010460712622461e+00 2.640302156934105082e-01
-3.845976767852796185e-01 -3.958300205293930341e-01 1.988886387694831948e+00 -6.679049218401642563e-01
-3.763090000000000879e-02 -3.763090000000000879e-02 -1.825724196953040085e-02 -3.520000000000000906e-02
0.000000000000000000e+00 0.000000000000000000e+00 0.000000000000000000e+00 0.000000000000000000e+00
2.238115655663254877e+00 2.065571683828699268e+00 -1.600000000000000089e+00 -3.995370934436349053e+00
1.789850557425059829e+00 2.487724030631360828e-01 -8.000000000000000444e-01 -1.667200000000000237e+00
1.231157282026179023e-01 -2.020907632170229618e-01 -4.000000000000000222e-01 -4.000000000000000222e-01
-1.090000000000000170e-02 -1.000000000000000194e-02 -4.000000000000000222e-01 -4.000000000000000222e-01
0.000000000000000000e+00 0.000000000000000000e+00 0.000000000000000000e+00 0.000000000000000000e+00
2.033081004490258081e+00 2.348674277131484800e+00 3.072721171138874219e+00 -1.846273024000000262e-01
1.442905791380227454e+00 1.308738516189581702e+00 2.927127746409975195e+00 -3.293323297594173971e-01
-6.414091684474543253e-01 -7.443614775474294287e-01 -3.887832438866481444e-02 2.256323956707607881e+00
-3.879910000000000303e-01 -1.168223365912032935e-01 -1.166645109644837142e-01 -1.224789770010320661e-01
0.000000000000000000e+00 0.000000000000000000e+00 0.000000000000000000e+00 0.000000000000000000e+00
1.534382519338861162e+00 2.740387697571644132e+00 -1.846273024000000262e-01 1.714706950947914033e+00
9.063123844485455605e-01 2.587059084904300033e+00 -2.830707895947201513e-01 1.179114143485874733e+00
1.376198860289423287e+00 -4.153519738000000516e-01 -4.667252451476709973e-01 -4.581797650841142877e-01
-3.034090000000000398e-02 -2.507678655391000488e-02 -2.791000000000000772e-02 -1.990000000000000449e-02
0.000000000000000000e+00 0.000000000000000000e+00 0.000000000000000000e+00 0.000000000000000000e+00
0.000000000000000000e+00 0.000000000000000000e+00 0.000000000000000000e+00 0.000000000000000000e+00
0.000000000000000000e+00 0.000000000000000000e+00 0.000000000000000000e+00 0.000000000000000000e+00
0.000000000000000000e+00 0.000000000000000000e+00 0.000000000000000000e+00 0.000000000000000000e+00
0.000000000000000000e+00 0.000000000000000000e+00 0.000000000000000000e+00 0.000000000000000000e+00
0.000000000000000000e+00 0.000000000000000000e+00 0.000000000000000000e+00 0.000000000000000000e+00
0.000000000000000000e+00 0.000000000000000000e+00 0.000000000000000000e+00 0.000000000000000000e+00
0.000000000000000000e+00 0.000000000000000000e+00 0.000000000000000000e+00 0.000000000000000000e+00
0.000000000000000000e+00 0.000000000000000000e+00 0.000000000000000000e+00 0.000000000000000000e+00
0.000000000000000000e+00 0.000000000000000000e+00 0.000000000000000000e+00 0.000000000000000000e+00
0.000000000000000000e+00 0.000000000000000000e+00 0.000000000000000000e+00 0.000000000000000000e+00
0.000000000000000000e+00 -1.840000000000000302e+00 2.028109493843983646e+00 0.000000000000000000e+00
-8.000000000000000444e-01 -1.120000000000000107e+00 1.097799517910951650e+00 -2.080000000000000071e+00
-4.000000000000000222e-01 -4.000000000000000222e-01 8.548893376664576937e-01 -4.000000000000000222e-01
0.000000000000000000e+00 0.000000000000000000e+00 0.000000000000000000e+00 0.000000000000000000e+00
0.000000000000000000e+00 0.000000000000000000e+00 0.000000000000000000e+00 0.000000000000000000e+00
0.000000000000000000e+00 0.000000000000000000e+00 0.000000000000000000e+00 0.000000000000000000e+00
0.000000000000000000e+00 0.000000000000000000e+00 0.000000000000000000e+00 0.000000000000000000e+00
0.000000000000000000e+00 0.000000000000000000e+00 0.000000000000000000e+00 0.000000000000000000e+00
0.000000000000000000e+00 0.000000000000000000e+00 0.000000000000000000e+00 0.000000000000000000e+00
0.000000000000000000e+00 0.000000000000000000e+00 0.000000000000000000e+00 0.000000000000000000e+00
-1.600000000000000089e+00 -3.999833541596280462e+00 2.696702398190266248e+00 1.764203197482570928e+00
-1.600000000000000089e+00 -3.142695999999999934e+00 -5.856920816128018126e-02 1.104375479452153863e+00
-4.000000000000000222e-01 -4.000000000000000222e-01 1.509400971307432116e+00 -9.904123310185811158e-02
-4.000000000000000222e-01 -4.000000000000000222e-01 -2.710000000000000603e-02 -2.710000000000000603e-02
0.000000000000000000e+00 0.000000000000000000e+00 0.000000000000000000e+00 0.000000000000000000e+00
0.000000000000000000e+00 0.000000000000000000e+00 0.000000000000000000e+00 0.000000000000000000e+00
0.000000000000000000e+00 0.000000000000000000e+00 0.000000000000000000e+00 0.000000000000000000e+00
0.000000000000000000e+00 0.000000000000000000e+00 0.000000000000000000e+00 0.000000000000000000e+00
0.000000000000000000e+00 0.000000000000000000e+00 0.000000000000000000e+00 0.000000000000000000e+00
0.000000000000000000e+00 0.000000000000000000e+00 0.000000000000000000e+00 0.000000000000000000e+00
0.000000000000000000e+00 2.114656727724289365e+00 2.583349501433767514e+00 -3.746042060800000240e+00
-2.731837820077859247e-01 -2.049946426186918247e-01 1.243424777867194519e+00 -2.412400000000000322e+00
-2.097191062060286271e-01 -2.180387860038471848e-01 7.937272238851926787e-01 -7.600000000000000089e-01
-1.000000000000000194e-02 -1.000000000000000194e-02 6.802042744573547246e-03 0.000000000000000000e+00
0.000000000000000000e+00 0.000000000000000000e+00 0.000000000000000000e+00 0.000000000000000000e+00
0.000000000000000000e+00 0.000000000000000000e+00 0.000000000000000000e+00 0.000000000000000000e+00
0.000000000000000000e+00 0.000000000000000000e+00 0.000000000000000000e+00 0.000000000000000000e+00
0.000000000000000000e+00 0.000000000000000000e+00 0.000000000000000000e+00 0.000000000000000000e+00
0.000000000000000000e+00 0.000000000000000000e+00 0.000000000000000000e+00 0.000000000000000000e+00
0.000000000000000000e+00 0.000000000000000000e+00 0.000000000000000000e+00 0.000000000000000000e+00
-1.235584000000000127e-01 1.696976085064015871e+00 3.087662557611766889e+00 1.925806763166634017e+00
-4.420669700680364689e-01 -1.116156030245347153e-01 1.137695902160843042e+00 1.948798357050959829e-02
-6.110898362051186972e-01 9.118821574274457165e-01 -3.814057810000000548e-01 -5.414621962112435849e-01
-3.852190000000000475e-02 -2.970100000000000864e-02 1.294548592746264971e-02 -3.699100000000000998e-02
0.000000000000000000e+00 0.000000000000000000e+00 0.000000000000000000e+00 0.000000000000000000e+00
2.520190094223626165e+00 0.000000000000000000e+00 0.000000000000000000e+00 -4.000000000000000222e-01
1.277267839934853821e+00 -1.120000000000000107e+00 -8.000000000000000444e-01 -7.600000000000000089e-01
1.107324972924221829e-01 -4.000000000000000222e-01 -4.000000000000000222e-01 -4.000000000000000222e-01
-1.090000000000000170e-02 0.000000000000000000e+00 0.000000000000000000e+00 0.000000000000000000e+00
0.000000000000000000e+00 0.000000000000000000e+00 0.000000000000000000e+00 0.000000000000000000e+00
2.786855307845337304e+00 -3.954017714018807972e+00 2.004786873111373602e+00 -3.998548929651883910e+00
-6.087410641584445337e-01 -2.787527199999999983e+00 1.844692652195534688e+00 -2.216807680000000058e+00
-4.637490504005228331e-01 -1.874809626556289022e+00 1.509164725864325485e+00 -1.027300000000000102e+00
-2.386980595810000300e-02 -4.000000000000000222e-01 -4.000000000000000222e-01 -4.090000000000000302e-01
0.000000000000000000e+00 0.000000000000000000e+00 0.000000000000000000e+00 0.000000000000000000e+00
2.610323193626251204e+00 -3.974396227124109338e+00 0.000000000000000000e+00 1.754129964934547647e+00
1.779031221851842037e+00 -3.325027414720000074e+00 -2.356613694508720436e-01 -2.427301578437480178e-01
1.208637639776520167e+00 -4.000000000000000222e-01 -1.127184919286199904e-01 -1.123315535072537674e-01
-1.090000000000000170e-02 -4.000000000000000222e-01 -1.000000000000000194e-02 0.000000000000000000e+00
0.000000000000000000e+00 0.000000000000000000e+00 0.000000000000000000e+00 0.000000000000000000e+00
2.217680138140440516e+00 -1.846273024000000262e-01 2.972940466622794098e+00 2.027397030069342687e+00
2.621138104848432349e+00 -3.610444292290142521e-01 1.081918788128221509e+00 1.376027877382460129e+00
3.230759109446371458e+00 -8.183501698138808678e-01 -1.201436869949324748e+00 -7.781130227555496104e-01
-4.000000000000000222e-01 -2.473660202807674013e-01 -4.000000000000000222e-01 -4.000000000000000222e-01
0.000000000000000000e+00 0.000000000000000000e+00 0.000000000000000000e+00 0.000000000000000000e+00
2.397036252245163368e+00 2.394480544382682652e+00 -1.600000000000000089e+00 -3.990366599270682268e+00
-1.460274876107341691e-01 8.965766258996266114e-01 -1.600000000000000089e+00 -2.056000000000000494e+00
-7.750869991816236038e-01 -2.898312225775905027e-03 -7.600000000000000089e-01 -7.600000000000000089e-01
-1.000000000000000194e-02 -1.000000000000000194e-02 0.000000000000000000e+00 0.000000000000000000e+00
0.000000000000000000e+00 0.000000000000000000e+00 0.000000000000000000e+00 0.000000000000000000e+00
2.545816936308848089e+00 2.162019451067759945e+00 3.556849568287688612e+00 1.791866579579918906e+00
1.199384872200520702e+00 6.775666156750959068e-03 -1.305363667517155657e-01 -3.615752165857126221e-01
2.098920383962066261e+00 -7.291066122676175265e-01 -8.011421880671294460e-01 -7.004776878771341586e-01
-1.000000000000000194e-02 -1.090000000000000170e-02 4.084722676937502239e-01 0.000000000000000000e+00
0.000000000000000000e+00 0.000000000000000000e+00 0.000000000000000000e+00 0.000000000000000000e+00
2.690940262827913099e+00 1.870475132765013537e+00 -1.152640000000000053e-01 2.053262761969815386e+00
2.820453334818822988e+00 -2.173188466980446321e-01 -4.379117970804592419e-01 8.306885440484637062e-01
2.995564762300770401e+00 -6.213443879839271045e-01 -4.588184272580398404e-01 -4.613563258291941693e-01
-4.530435601827355330e-02 -4.630720066762237380e-02 -3.940399000000001373e-02 -4.197009999999999907e-01
0.000000000000000000e+00 0.000000000000000000e+00 0.000000000000000000e+00 0.000000000000000000e+00
0.000000000000000000e+00 0.000000000000000000e+00 0.000000000000000000e+00 0.000000000000000000e+00
0.000000000000000000e+00 0.000000000000000000e+00 0.000000000000000000e+00 0.000000000000000000e+00
0.000000000000000000e+00 0.000000000000000000e+00 0.000000000000000000e+00 0.000000000000000000e+00
0.000000000000000000e+00 0.000000000000000000e+00 0.000000000000000000e+00 0.000000000000000000e+00
0.000000000000000000e+00 0.000000000000000000e+00 0.000000000000000000e+00 0.000000000000000000e+00
0.000000000000000000e+00 0.000000000000000000e+00 0.000000000000000000e+00 0.000000000000000000e+00
0.000000000000000000e+00 0.000000000000000000e+00 0.000000000000000000e+00 0.000000000000000000e+00
0.000000000000000000e+00 0.000000000000000000e+00 0.000000000000000000e+00 0.000000000000000000e+00
0.000000000000000000e+00 0.000000000000000000e+00 0.000000000000000000e+00 0.000000000000000000e+00
0.000000000000000000e+00 0.000000000000000000e+00 0.000000000000000000e+00 0.000000000000000000e+00
-1.600000000000000089e+00 -1.600000000000000089e+00 8.860994019846427650e-01 0.000000000000000000e+00
-1.600000000000000089e+00 0.000000000000000000e+00 0.000000000000000000e+00 0.000000000000000000e+00
0.000000000000000000e+00 0.000000000000000000e+00 0.000000000000000000e+00 0.000000000000000000e+00
0.000000000000000000e+00 0.000000000000000000e+00 0.000000000000000000e+00 0.000000000000000000e+00
0.000000000000000000e+00 0.000000000000000000e+00 0.000000000000000000e+00 0.000000000000000000e+00
0.000000000000000000e+00 0.000000000000000000e+00 0.000000000000000000e+00 0.000000000000000000e+00
0.000000000000000000e+00 0.000000000000000000e+00 0.000000000000000000e+00 0.000000000000000000e+00
0.000000000000000000e+00 0.000000000000000000e+00 0.000000000000000000e+00 0.000000000000000000e+00
0.000000000000000000e+00 0.000000000000000000e+00 0.000000000000000000e+00 0.000000000000000000e+00
0.000000000000000000e+00 0.000000000000000000e+00 0.000000000000000000e+00 0.000000000000000000e+00
-2.655999999999999694e+00 -1.600000000000000089e+00 2.082518706130597863e+00 6.732397301452855976e-01
-1.600000000000000089e+00 -4.000000000000000222e-01 -7.040417592374155487e-02 -5.784920429979967249e-02
-4.000000000000000222e-01 -4.000000000000000222e-01 -3.123190000000000688e-02 -3.330870047250289456e-02
-4.000000000000000222e-01 0.000000000000000000e+00 0.000000000000000000e+00 0.000000000000000000e+00
0.000000000000000000e+00 0.000000000000000000e+00 0.000000000000000000e+00 0.000000000000000000e+00
-1.840000000000000302e+00 5.043333365529846013e+00 0.000000000000000000e+00 -1.199999999999999956e+00
-4.000000000000000222e-01 0.000000000000000000e+00 0.000000000000000000e+00 0.000000000000000000e+00
-4.000000000000000222e-01 0.000000000000000000e+00 0.000000000000000000e+00 0.000000000000000000e+00
0.000000000000000000e+00 0.000000000000000000e+00 0.000000000000000000e+00 0.000000000000000000e+00
0.000000000000000000e+00 0.000000000000000000e+00 0.000000000000000000e+00 0.000000000000000000e+00
-3.491967999999999517e+00 4.510182830956512845e+00 2.049295858194076114e+00 -3.997953102398740022e+00
-1.600000000000000089e+00 4.307678149385265165e+00 4.278544120996732869e-02 -1.900480000000000391e+00
-4.000000000000000222e-01 4.481697208906428642e+00 0.000000000000000000e+00 0.000000000000000000e+00
0.000000000000000000e+00 0.000000000000000000e+00 0.000000000000000000e+00 0.000000000000000000e+00
0.000000000000000000e+00 0.000000000000000000e+00 0.000000000000000000e+00 0.000000000000000000e+00
-3.894140102079999721e+00 4.508784513924864790e+00 0.000000000000000000e+00 1.192963036809851385e+00
-7.600000000000000089e-01 2.305740841284423581e+00 0.000000000000000000e+00 0.000000000000000000e+00
-4.000000000000000222e-01 -1.171000000000000166e-02 -3.153330115414256646e-02 0.000000000000000000e+00
0.000000000000000000e+00 0.000000000000000000e+00 0.000000000000000000e+00 0.000000000000000000e+00
0.000000000000000000e+00 0.000000000000000000e+00 0.000000000000000000e+00 0.000000000000000000e+00
1.728344232499962052e+00 5.300805970860929861e+00 2.150199669479486264e+00 1.844765619470229101e+00
-4.000000000000000777e-02 4.830343200772341916e+00 1.719881625932655034e+00 2.035200531381810229e+00
4.206918793085590913e+00 1.115286858426582040e+00 2.737916173221989491e-02 -3.480379102802323432e-01
-1.000000000000000194e-02 -1.000000000000000194e-02 -1.607139597293227862e-02 0.000000000000000000e+00
0.000000000000000000e+00 0.000000000000000000e+00 0.000000000000000000e+00 0.000000000000000000e+00
0.000000000000000000e+00 0.000000000000000000e+00 0.000000000000000000e+00 0.000000000000000000e+00
0.000000000000000000e+00 0.000000000000000000e+00 0.000000000000000000e+00 0.000000000000000000e+00
0.000000000000000000e+00 0.000000000000000000e+00 0.000000000000000000e+00 0.000000000000000000e+00
0.000000000000000000e+00 0.000000000000000000e+00 0.000000000000000000e+00 0.000000000000000000e+00
0.000000000000000000e+00 0.000000000000000000e+00 0.000000000000000000e+00 0.000000000000000000e+00
5.065156382258513279e-01 -4.000000000000000777e-02 2.170956631107063828e+00 -2.487999999999999989e+00
-4.000000000000000777e-02 -1.000000000000000194e-02 4.428948750310889304e-01 0.000000000000000000e+00
-1.000000000000000194e-02 -1.000000000000000194e-02 -1.891521315916119481e-02 -4.000000000000000222e-01
0.000000000000000000e+00 0.000000000000000000e+00 0.000000000000000000e+00 0.000000000000000000e+00
0.000000000000000000e+00 0.000000000000000000e+00 0.000000000000000000e+00 0.000000000000000000e+00
0.000000000000000000e+00 0.000000000000000000e+00 0.000000000000000000e+00 0.000000000000000000e+00
0.000000000000000000e+00 0.000000000000000000e+00 0.000000000000000000e+00 0.000000000000000000e+00
0.000000000000000000e+00 0.000000000000000000e+00 0.000000000000000000e+00 0.000000000000000000e+00
0.000000000000000000e+00 0.000000000000000000e+00 0.000000000000000000e+00 0.000000000000000000e+00
0.000000000000000000e+00 0.000000000000000000e+00 0.000000000000000000e+00 0.000000000000000000e+00
2.011162327611460299e+00 -7.840000000000001135e-02 2.290195717071260795e+00 2.057855188926777323e+00
-3.671082377333596825e-02 -6.851296000000001163e-02 -1.100875003022491749e-01 2.129301712737977859e+00
-6.534095553910002074e-02 -6.613677793900002433e-02 -4.463334281103963352e-01 4.763134377088203142e-02
-1.990000000000000449e-02 -1.900000000000000300e-02 -1.000000000000000194e-02 -4.009000000000000341e-01
0.000000000000000000e+00 0.000000000000000000e+00 0.000000000000000000e+00 0.000000000000000000e+00
1.194749948907568138e+00 4.216207817463274665e+00 -1.600000000000000089e+00 -3.973647694326554625e+00
-4.000000000000000777e-02 4.602278764797845589e+00 0.000000000000000000e+00 -1.408000000000000362e+00
-1.900000000000000300e-02 3.550317648693257500e+00 -4.000000000000000222e-01 -4.000000000000000222e-01
0.000000000000000000e+00 0.000000000000000000e+00 0.000000000000000000e+00 0.000000000000000000e+00
0.000000000000000000e+00 0.000000000000000000e+00 0.000000000000000000e+00 0.000000000000000000e+00
1.903278059872479444e+00 4.808043887487337464e+00 2.048459194024787156e+00 -1.318130112320242131e-01
8.073429518447375330e-02 5.084087093404878743e+00 4.897132308529881239e-01 -6.490134911999999312e-02
-3.050139254660020130e-02 3.486437354290584434e+00 2.600195081863408697e-02 -2.337268968068946864e-02
-1.000000000000000194e-02 6.200000000000001066e-01 0.000000000000000000e+00 0.000000000000000000e+00
0.000000000000000000e+00 0.000000000000000000e+00 0.000000000000000000e+00 0.000000000000000000e+00
1.924182159581615315e+00 4.289078620919888785e+00 -1.269113135104000256e-01 2.302130051405818723e+00
5.133556632776883344e-01 4.868064259186538401e+00 0.000000000000000000e+00 9.112456746942623198e-01
-2.970100000000000864e-02 4.652512098504890226e+00 -4.242990692047617779e-02 -3.082112253262502682e-02
-1.090000000000000170e-02 -4.000000000000000222e-01 0.000000000000000000e+00 0.000000000000000000e+00
0.000000000000000000e+00 0.000000000000000000e+00 0.000000000000000000e+00 0.000000000000000000e+00
0.000000000000000000e+00 0.000000000000000000e+00 0.000000000000000000e+00 0.000000000000000000e+00
0.000000000000000000e+00 0.000000000000000000e+00 0.000000000000000000e+00 0.000000000000000000e+00
0.000000000000000000e+00 0.000000000000000000e+00 0.000000000000000000e+00 0.000000000000000000e+00
0.000000000000000000e+00 0.000000000000000000e+00 0.000000000000000000e+00 0.000000000000000000e+00
0.000000000000000000e+00 0.000000000000000000e+00 0.000000000000000000e+00 0.000000000000000000e+00
0.000000000000000000e+00 0.000000000000000000e+00 0.000000000000000000e+00 0.000000000000000000e+00
0.000000000000000000e+00 0.000000000000000000e+00 0.000000000000000000e+00 0.000000000000000000e+00
0.000000000000000000e+00 0.000000000000000000e+00 0.000000000000000000e+00 0.000000000000000000e+00
0.000000000000000000e+00 0.000000000000000000e+00 0.000000000000000000e+00 0.000000000000000000e+00
0.000000000000000000e+00 0.000000000000000000e+00 0.000000000000000000e+00 0.000000000000000000e+00
-1.600000000000000089e+00 -1.199999999999999956e+00 9.889016213487762386e-01 0.000000000000000000e+00
-4.000000000000000222e-01 -4.000000000000000222e-01 0.000000000000000000e+00 0.000000000000000000e+00
-4.000000000000000222e-01 0.000000000000000000e+00 0.000000000000000000e+00 0.000000000000000000e+00
0.000000000000000000e+00 0.000000000000000000e+00 0.000000000000000000e+00 0.000000000000000000e+00
0.000000000000000000e+00 0.000000000000000000e+00 0.000000000000000000e+00 0.000000000000000000e+00
0.000000000000000000e+00 0.000000000000000000e+00 0.000000000000000000e+00 0.000000000000000000e+00
0.000000000000000000e+00 0.000000000000000000e+00 0.000000000000000000e+00 0.000000000000000000e+00
0.000000000000000000e+00 0.000000000000000000e+00 0.000000000000000000e+00 0.000000000000000000e+00
0.000000000000000000e+00 0.000000000000000000e+00 0.000000000000000000e+00 0.000000000000000000e+00
0.000000000000000000e+00 0.000000000000000000e+00 0.000000000000000000e+00 0.000000000000000000e+00
-1.600000000000000089e+00 -3.183520000000000127e+00 1.849892759713594348e+00 7.902251607554564572e-01
-8.000000000000000444e-01 -8.000000000000000444e-01 1.393691589184116397e+00 -2.975950114958102535e-02
-4.000000000000000222e-01 -4.000000000000000222e-01 -6.847326752268466377e-02 1.494607380003169783e-01
0.000000000000000000e+00 0.000000000000000000e+00 0.000000000000000000e+00 0.000000000000000000e+00
0.000000000000000000e+00 0.000000000000000000e+00 0.000000000000000000e+00 0.000000000000000000e+00
0.000000000000000000e+00 0.000000000000000000e+00 0.000000000000000000e+00 0.000000000000000000e+00
0.000000000000000000e+00 0.000000000000000000e+00 0.000000000000000000e+00 0.000000000000000000e+00
0.000000000000000000e+00 0.000000000000000000e+00 0.000000000000000000e+00 0.000000000000000000e+00
0.000000000000000000e+00 0.000000000000000000e+00 0.000000000000000000e+00 0.000000000000000000e+00
0.000000000000000000e+00 0.000000000000000000e+00 0.000000000000000000e+00 0.000000000000000000e+00
-4.000000000000000777e-02 7.419137062762444224e-01 2.489592881398063007e+00 -4.000000000000000222e-01
-1.000000000000000194e-02 -1.000000000000000194e-02 2.484078775779884340e-01 0.000000000000000000e+00
-1.000000000000000194e-02 -1.000000000000000194e-02 -3.726674101080271889e-02 -4.000000000000000222e-01
0.000000000000000000e+00 0.000000000000000000e+00 0.000000000000000000e+00 0.000000000000000000e+00
0.000000000000000000e+00 0.000000000000000000e+00 0.000000000000000000e+00 0.000000000000000000e+00
0.000000000000000000e+00 0.000000000000000000e+00 0.000000000000000000e+00 0.000000000000000000e+00
0.000000000000000000e+00 0.000000000000000000e+00 0.000000000000000000e+00 0.000000000000000000e+00
0.000000000000000000e+00 0.000000000000000000e+00 0.000000000000000000e+00 0.000000000000000000e+00
0.000000000000000000e+00 0.000000000000000000e+00 0.000000000000000000e+00 0.000000000000000000e+00
0.000000000000000000e+00 0.000000000000000000e+00 0.000000000000000000e+00 0.000000000000000000e+00
-4.000000000000000777e-02 2.096942372405861565e+00 2.679255727460355452e+00 1.849574206900400641e+00
-1.664293976683833276e-01 -1.632814288972047334e-01 1.914033869124147857e+00 1.714854763618397226e-01
-4.000000000000000222e-01 -1.708821015190204184e-01 -5.691814233885602592e-01 1.979702961989236121e+00
-1.000000000000000194e-02 -1.000000000000000194e-02 -1.252000000000000161e-02 0.000000000000000000e+00
0.000000000000000000e+00 0.000000000000000000e+00 0.000000000000000000e+00 0.000000000000000000e+00
4.263817375639260554e+00 -1.840000000000000302e+00 0.000000000000000000e+00 -1.199999999999999956e+00
3.597789804406080205e-01 0.000000000000000000e+00 0.000000000000000000e+00 0.000000000000000000e+00
0.000000000000000000e+00 0.000000000000000000e+00 0.000000000000000000e+00 0.000000000000000000e+00
0.000000000000000000e+00 0.000000000000000000e+00 0.000000000000000000e+00 0.000000000000000000e+00
0.000000000000000000e+00 0.000000000000000000e+00 0.000000000000000000e+00 0.000000000000000000e+00
5.096770162460393827e+00 -2.880256000000000594e+00 2.627680810890376417e+00 -3.991320502068155474e+00
4.612702833254379797e+00 -1.120000000000000107e+00 0.000000000000000000e+00 -4.000000000000000222e-01
2.812539706268851525e+00 -1.929999999999999216e-01 -7.152833466992455924e-02 -4.229086828529028397e-01
-1.000000000000000194e-02 -1.000000000000000194e-02 -1.090000000000000170e-02 0.000000000000000000e+00
0.000000000000000000e+00 0.000000000000000000e+00 0.000000000000000000e+00 0.000000000000000000e+00
4.982014286460859864e+00 -3.500020307199999792e+00 0.000000000000000000e+00 2.234372677035661781e+00
-4.583089919999999706e-02 -4.000000000000000222e-01 -2.156375720010181990e-02 3.847290384015498166e-01
1.129040204512876899e+00 -4.000000000000000222e-01 -1.363639772865768429e-02 -1.163801200426159595e-02
2.191588803403588526e-01 0.000000000000000000e+00 0.000000000000000000e+00 0.000000000000000000e+00
0.000000000000000000e+00 0.000000000000000000e+00 0.000000000000000000e+00 0.000000000000000000e+00
4.954730096052378130e+00 2.098416250880000167e+00 2.611686177065233760e+00 2.322134097866297875e+00
1.344936979111927444e+00 4.787561922687032734e+00 3.218430702421718470e-01 9.656769529507862604e-01
4.262614512077603557e+00 -1.990000000000000449e-02 -1.273620770177984751e-01 2.355656100503634720e-01
2.330396610435681470e+00 -1.000000000000000194e-02 -1.171000000000000166e-02 -1.090000000000000170e-02
0.000000000000000000e+00 0.000000000000000000e+00 0.000000000000000000e+00 0.000000000000000000e+00
5.034997211503108971e+00 1.286458067029470520e+00 0.000000000000000000e+00 -3.726636102961599750e+00
2.414194196436412199e+00 0.000000000000000000e+00 0.000000000000000000e+00 0.000000000000000000e+00
1.795074485060706992e+00 -1.000000000000000194e-02 -4.000000000000000222e-01 -4.000000000000000222e-01
1.258000000000000229e+00 0.000000000000000000e+00 0.000000000000000000e+00 0.000000000000000000e+00
0.000000000000000000e+00 0.000000000000000000e+00 0.000000000000000000e+00 0.000000000000000000e+00
5.027665531163989066e+00 1.472509208948377779e+00 2.601975855268375604e+00 0.000000000000000000e+00
3.063111153160728017e-01 -5.677253796180017908e-03 2.300327505376228654e+00 -1.918145079428993094e-01
-1.490194214124288541e-01 -2.398916419577002968e-01 -4.417366434978618056e-03 -1.304428183996326762e-01
8.803700108236640620e-01 0.000000000000000000e+00 0.000000000000000000e+00 0.000000000000000000e+00
0.000000000000000000e+00 0.000000000000000000e+00 0.000000000000000000e+00 0.000000000000000000e+00
5.100702508864062068e+00 1.900792651231148822e+00 0.000000000000000000e+00 2.463478085565649511e+00
3.480016368461018583e+00 -1.117196834816000239e-01 -1.474300648700081207e-01 6.365642567600107715e-02
-4.101405780999999862e-01 1.018011355451339695e+00 -1.641590953494805882e-01 -1.650476088797060426e-01
4.243373735776722055e-01 -1.000000000000000194e-02 -1.187119000000000195e-02 -1.267309000000000144e-02
0.000000000000000000e+00 0.000000000000000000e+00 0.000000000000000000e+00 0.000000000000000000e+00
0.000000000000000000e+00 0.000000000000000000e+00 0.000000000000000000e+00 0.000000000000000000e+00
0.000000000000000000e+00 0.000000000000000000e+00 0.000000000000000000e+00 0.000000000000000000e+00
0.000000000000000000e+00 0.000000000000000000e+00 0.000000000000000000e+00 0.000000000000000000e+00
0.000000000000000000e+00 0.000000000000000000e+00 0.000000000000000000e+00 0.000000000000000000e+00
0.000000000000000000e+00 0.000000000000000000e+00 0.000000000000000000e+00 0.000000000000000000e+00
0.000000000000000000e+00 0.000000000000000000e+00 0.000000000000000000e+00 0.000000000000000000e+00
0.000000000000000000e+00 0.000000000000000000e+00 0.000000000000000000e+00 0.000000000000000000e+00
0.000000000000000000e+00 0.000000000000000000e+00 0.000000000000000000e+00 0.000000000000000000e+00
0.000000000000000000e+00 0.000000000000000000e+00 0.000000000000000000e+00 0.000000000000000000e+00
0.000000000000000000e+00 0.000000000000000000e+00 0.000000000000000000e+00 0.000000000000000000e+00
0.000000000000000000e+00 0.000000000000000000e+00 0.000000000000000000e+00 0.000000000000000000e+00
0.000000000000000000e+00 0.000000000000000000e+00 0.000000000000000000e+00 0.000000000000000000e+00
0.000000000000000000e+00 0.000000000000000000e+00 0.000000000000000000e+00 0.000000000000000000e+00
0.000000000000000000e+00 0.000000000000000000e+00 0.000000000000000000e+00 0.000000000000000000e+00
0.000000000000000000e+00 0.000000000000000000e+00 0.000000000000000000e+00 0.000000000000000000e+00
0.000000000000000000e+00 0.000000000000000000e+00 0.000000000000000000e+00 0.000000000000000000e+00
0.000000000000000000e+00 0.000000000000000000e+00 0.000000000000000000e+00 0.000000000000000000e+00
0.000000000000000000e+00 0.000000000000000000e+00 0.000000000000000000e+00 0.000000000000000000e+00
0.000000000000000000e+00 0.000000000000000000e+00 0.000000000000000000e+00 0.000000000000000000e+00
0.000000000000000000e+00 0.000000000000000000e+00 0.000000000000000000e+00 0.000000000000000000e+00
-4.000000000000000222e-01 -4.000000000000000222e-01 3.663117600422912679e-01 0.000000000000000000e+00
-4.000000000000000222e-01 0.000000000000000000e+00 0.000000000000000000e+00 0.000000000000000000e+00
0.000000000000000000e+00 0.000000000000000000e+00 0.000000000000000000e+00 0.000000000000000000e+00
0.000000000000000000e+00 0.000000000000000000e+00 0.000000000000000000e+00 0.000000000000000000e+00
0.000000000000000000e+00 0.000000000000000000e+00 0.000000000000000000e+00 0.000000000000000000e+00
0.000000000000000000e+00 0.000000000000000000e+00 0.000000000000000000e+00 0.000000000000000000e+00
0.000000000000000000e+00 0.000000000000000000e+00 0.000000000000000000e+00 0.000000000000000000e+00
0.000000000000000000e+00 0.000000000000000000e+00 0.000000000000000000e+00 0.000000000000000000e+00
0.000000000000000000e+00 0.000000000000000000e+00 0.000000000000000000e+00 0.000000000000000000e+00
0.000000000000000000e+00 0.000000000000000000e+00 0.000000000000000000e+00 0.000000000000000000e+00
0.000000000000000000e+00 0.000000000000000000e+00 0.000000000000000000e+00 0.000000000000000000e+00
0.000000000000000000e+00 0.000000000000000000e+00 0.000000000000000000e+00 0.000000000000000000e+00
-1.000000000000000194e-02 0.000000000000000000e+00 0.000000000000000000e+00 0.000000000000000000e+00
0.000000000000000000e+00 0.000000000000000000e+00 0.000000000000000000e+00 0.000000000000000000e+00
0.000000000000000000e+00 0.000000000000000000e+00 0.000000000000000000e+00 0.000000000000000000e+00
0.000000000000000000e+00 0.000000000000000000e+00 0.000000000000000000e+00 0.000000000000000000e+00
0.000000000000000000e+00 0.000000000000000000e+00 0.000000000000000000e+00 0.000000000000000000e+00
0.000000000000000000e+00 0.000000000000000000e+00 0.000000000000000000e+00 0.000000000000000000e+00
0.000000000000000000e+00 0.000000000000000000e+00 0.000000000000000000e+00 0.000000000000000000e+00
0.000000000000000000e+00 0.000000000000000000e+00 0.000000000000000000e+00 0.000000000000000000e+00
2.003348453182274280e+00 6.708648862290881310e-01 1.763331909845733680e-01 0.000000000000000000e+00
2.233800250935223317e-02 0.000000000000000000e+00 0.000000000000000000e+00 2.330981612605794728e-01
0.000000000000000000e+00 0.000000000000000000e+00 0.000000000000000000e+00 0.000000000000000000e+00
0.000000000000000000e+00 0.000000000000000000e+00 0.000000000000000000e+00 0.000000000000000000e+00
0.000000000000000000e+00 0.000000000000000000e+00 0.000000000000000000e+00 0.000000000000000000e+00
1.833015730862297687e-01 0.000000000000000000e+00 0.000000000000000000e+00 0.000000000000000000e+00
0.000000000000000000e+00 0.000000000000000000e+00 0.000000000000000000e+00 0.000000000000000000e+00
0.000000000000000000e+00 0.000000000000000000e+00 0.000000000000000000e+00 0.000000000000000000e+00
0.000000000000000000e+00 0.000000000000000000e+00 0.000000000000000000e+00 0.000000000000000000e+00
0.000000000000000000e+00 0.000000000000000000e+00 0.000000000000000000e+00 0.000000000000000000e+00
1.833035001720877688e-01 0.000000000000000000e+00 0.000000000000000000e+00 0.000000000000000000e+00
0.000000000000000000e+00 0.000000000000000000e+00 0.000000000000000000e+00 0.000000000000000000e+00
0.000000000000000000e+00 0.000000000000000000e+00 0.000000000000000000e+00 0.000000000000000000e+00
0.000000000000000000e+00 0.000000000000000000e+00 0.000000000000000000e+00 0.000000000000000000e+00
0.000000000000000000e+00 0.000000000000000000e+00 0.000000000000000000e+00 0.000000000000000000e+00
1.902273869609127921e-01 0.000000000000000000e+00 0.000000000000000000e+00 0.000000000000000000e+00
1.031654072685461582e-01 0.000000000000000000e+00 0.000000000000000000e+00 0.000000000000000000e+00
0.000000000000000000e+00 0.000000000000000000e+00 0.000000000000000000e+00 0.000000000000000000e+00
0.000000000000000000e+00 0.000000000000000000e+00 0.000000000000000000e+00 0.000000000000000000e+00
0.000000000000000000e+00 0.000000000000000000e+00 0.000000000000000000e+00 0.000000000000000000e+00
1.720983113367249961e+00 0.000000000000000000e+00 0.000000000000000000e+00 0.000000000000000000e+00
-2.000000000000000389e-02 1.883412389291819755e-01 0.000000000000000000e+00 0.000000000000000000e+00
0.000000000000000000e+00 0.000000000000000000e+00 0.000000000000000000e+00 0.000000000000000000e+00
0.000000000000000000e+00 0.000000000000000000e+00 0.000000000000000000e+00 0.000000000000000000e+00
0.000000000000000000e+00 0.000000000000000000e+00 0.000000000000000000e+00 0.000000000000000000e+00
8.898164680283678907e-01 0.000000000000000000e+00 0.000000000000000000e+00 0.000000000000000000e+00
1.152220785876958975e-02 0.000000000000000000e+00 0.000000000000000000e+00 0.000000000000000000e+00
0.000000000000000000e+00 0.000000000000000000e+00 0.000000000000000000e+00 0.000000000000000000e+00
0.000000000000000000e+00 0.000000000000000000e+00 0.000000000000000000e+00 0.000000000000000000e+00
0.000000000000000000e+00 0.000000000000000000e+00 0.000000000000000000e+00 0.000000000000000000e+00
1.254990406631297351e+00 2.172287852694187560e+00 4.623110999265108711e-01 0.000000000000000000e+00
6.716899821904052104e-01 0.000000000000000000e+00 0.000000000000000000e+00 0.000000000000000000e+00
0.000000000000000000e+00 0.000000000000000000e+00 0.000000000000000000e+00 0.000000000000000000e+00
0.000000000000000000e+00 0.000000000000000000e+00 0.000000000000000000e+00 0.000000000000000000e+00
0.000000000000000000e+00 0.000000000000000000e+00 0.000000000000000000e+00 0.000000000000000000e+00
1.064527908738549744e+00 3.596577990567022542e-01 0.000000000000000000e+00 2.374447254466904578e-01
-1.446400000000000290e-02 7.796221251787185391e-01 0.000000000000000000e+00 0.000000000000000000e+00
-1.503099595810000223e-02 0.000000000000000000e+00 0.000000000000000000e+00 -1.000000000000000194e-02
0.000000000000000000e+00 0.000000000000000000e+00 0.000000000000000000e+00 0.000000000000000000e+00
0.000000000000000000e+00 0.000000000000000000e+00 0.000000000000000000e+00 0.000000000000000000e+00
0.000000000000000000e+00 0.000000000000000000e+00 0.000000000000000000e+00 0.000000000000000000e+00
0.000000000000000000e+00 0.000000000000000000e+00 0.000000000000000000e+00 0.000000000000000000e+00
0.000000000000000000e+00 0.000000000000000000e+00 0.000000000000000000e+00 0.000000000000000000e+00
0.000000000000000000e+00 0.000000000000000000e+00 0.000000000000000000e+00 0.000000000000000000e+00
0.000000000000000000e+00 0.000000000000000000e+00 0.000000000000000000e+00 0.000000000000000000e+00
