0.000000000000000000e+00 0.000000000000000000e+00 0.000000000000000000e+00 0.000000000000000000e+00
0.000000000000000000e+00 0.000000000000000000e+00 0.000000000000000000e+00 0.000000000000000000e+00
0.000000000000000000e+00 0.000000000000000000e+00 0.000000000000000000e+00 0.000000000000000000e+00
0.000000000000000000e+00 0.000000000000000000e+00 0.000000000000000000e+00 0.000000000000000000e+00
0.000000000000000000e+00 0.000000000000000000e+00 0.000000000000000000e+00 0.000000000000000000e+00
0.000000000000000000e+00 0.000000000000000000e+00 0.000000000000000000e+00 0.000000000000000000e+00
0.000000000000000000e+00 0.000000000000000000e+00 0.000000000000000000e+00 0.000000000000000000e+00
0.000000000000000000e+00 0.000000000000000000e+00 0.000000000000000000e+00 0.000000000000000000e+00
0.000000000000000000e+00 0.000000000000000000e+00 0.000000000000000000e+00 0.000000000000000000e+00
0.000000000000000000e+00 0.000000000000000000e+00 0.000000000000000000e+00 0.000000000000000000e+00
0.000000000000000000e+00 -4.000000000000000222e-01 -1.199999999999999956e+00 2.649025202689175629e+00
0.000000000000000000e+00 0.000000000000000000e+00 0.000000000000000000e+00 0.000000000000000000e+00
-4.000000000000000222e-01 -7.600000000000000089e-01 -7.600000000000000089e-01 8.900096508250636695e-01
0.000000000000000000e+00 0.000000000000000000e+00 0.000000000000000000e+00 0.000000000000000000e+00
0.000000000000000000e+00 0.000000000000000000e+00 0.000000000000000000e+00 0.000000000000000000e+00
-1.600000000000000089e+00 -3.904726091871999927e+00 -3.298400384928285578e-01 5.695547220453427428e+00
-4.000000000000000222e-01 -2.278131160000000488e+00 -8.130535093781132705e-01 3.762348978845110548e+00
-4.000000000000000222e-01 -4.000000000000000222e-01 -1.000000000000000194e-02 3.057154145267366729e-01
-4.000000000000000222e-01 -4.000000000000000222e-01 -1.000000000000000194e-02 1.179076367630784050e+00
-4.000000000000000222e-01 -4.000000000000000222e-01 0.000000000000000000e+00 0.000000000000000000e+00
0.000000000000000000e+00 0.000000000000000000e+00 0.000000000000000000e+00 0.000000000000000000e+00
0.000000000000000000e+00 0.000000000000000000e+00 0.000000000000000000e+00 0.000000000000000000e+00
0.000000000000000000e+00 0.000000000000000000e+00 0.000000000000000000e+00 0.000000000000000000e+00
0.000000000000000000e+00 0.000000000000000000e+00 0.000000000000000000e+00 0.000000000000000000e+00
0.000000000000000000e+00 0.000000000000000000e+00 0.000000000000000000e+00 0.000000000000000000e+00
0.000000000000000000e+00 0.000000000000000000e+00 0.000000000000000000e+00 0.000000000000000000e+00
0.000000000000000000e+00 0.000000000000000000e+00 0.000000000000000000e+00 0.000000000000000000e+00
0.000000000000000000e+00 0.000000000000000000e+00 0.000000000000000000e+00 0.000000000000000000e+00
0.000000000000000000e+00 0.000000000000000000e+00 0.000000000000000000e+00 0.000000000000000000e+00
0.000000000000000000e+00 0.000000000000000000e+00 0.000000000000000000e+00 0.000000000000000000e+00
-4.344751173122334276e-01 6.258431126471079020e-01 -3.999078053445826786e+00 4.012948545354212193e+00
-1.000000000000000194e-02 -1.090000000000000170e-02 0.000000000000000000e+00 5.897298518901916697e-01
-1.000000000000000194e-02 -1.077771800585764495e-01 -1.638040000000000163e+00 2.598993125577077290e+00
-1.951845599401429432e-01 -1.342808701664176541e-01 -4.000000000000000222e-01 -1.787113835107520254e-01
-1.000000000000000194e-02 0.000000000000000000e+00 0.000000000000000000e+00 0.000000000000000000e+00
-7.118745054974506825e-01 2.392537072083306349e+00 2.157569653036630619e+00 5.514247059667139794e+00
-5.813509407791481870e-02 1.385093927172798889e+00 4.875257099866325272e-01 5.610742845293477998e+00
-4.017910000000000093e-01 3.053093431427335247e+00 -4.000000000000000222e-01 -2.521483952994488242e-01
-6.322208813067990707e-02 -1.266595206494889325e-01 -3.793635910000001110e-02 5.558933820854435659e+00
-2.503894722621450436e-02 -6.129428727897591467e-02 -4.190790100000000296e-01 2.742892928511770911e+00
-1.359823699314688106e-01 -8.000000000000000444e-01 0.000000000000000000e+00 0.000000000000000000e+00
-4.543590879039980518e-02 -4.000000000000000222e-01 0.000000000000000000e+00 0.000000000000000000e+00
0.000000000000000000e+00 0.000000000000000000e+00 0.000000000000000000e+00 0.000000000000000000e+00
0.000000000000000000e+00 0.000000000000000000e+00 0.000000000000000000e+00 0.000000000000000000e+00
0.000000000000000000e+00 0.000000000000000000e+00 0.000000000000000000e+00 0.000000000000000000e+00
8.153158139686467187e-01 -1.760000000000000009e+00 -1.193891141946322731e-01 -1.431717524495360327e-01
-4.414156439798865295e-01 -7.600000000000000089e-01 -7.114118688370903165e-02 -7.468754598370902498e-02
2.804978271776549792e-01 0.000000000000000000e+00 0.000000000000000000e+00 0.000000000000000000e+00
3.728524792786100384e-01 0.000000000000000000e+00 0.000000000000000000e+00 0.000000000000000000e+00
0.000000000000000000e+00 0.000000000000000000e+00 0.000000000000000000e+00 0.000000000000000000e+00
1.519328825921332449e+00 -3.998515472937195003e+00 -3.999725382439573984e+00 5.926148897316362962e+00
3.768652610992913932e+00 -1.092602199999999968e+00 -4.000000000000000222e-01 -9.733619610915292264e-02
-1.791200826055140694e-02 -4.281771406631286747e-01 -4.000000000000000222e-01 3.742937861857195792e+00
-1.715767975133847614e-02 -4.119968326503435918e-01 -4.000000000000000222e-01 3.657119509445962535e+00
-1.000000000000000194e-02 0.000000000000000000e+00 0.000000000000000000e+00 0.000000000000000000e+00
2.071318139827752702e+00 -7.041105496553896614e-01 2.047918992495545432e+00 5.512095168611025997e+00
1.416536717956269342e+00 -2.972888114370933477e-01 -2.999621336944577332e-01 5.037566158777537773e+00
4.418715046627423870e-01 -1.941955711671552662e-02 4.658735948067032062e-01 3.726129793157217041e+00
3.567335379906402704e+00 -7.731202997010568068e-02 -8.159028429017231576e-02 1.786208368891964438e-01
-3.816681120841036029e-02 -1.179100000000000287e-02 -1.900000000000000300e-02 3.433424287226126026e+00
-4.534364634957567253e-01 6.699835062630685734e-01 -3.998319684160000165e+00 -2.000000000000000000e+00
-6.222479557916301557e-02 -6.686129861696073207e-02 -4.000000000000000222e-01 -4.000000000000000222e-01
0.000000000000000000e+00 0.000000000000000000e+00 0.000000000000000000e+00 0.000000000000000000e+00
3.995893434185380372e-02 -2.663312067917675968e-02 -4.000000000000000222e-01 -4.000000000000000222e-01
-1.376689226250000370e-02 0.000000000000000000e+00 0.000000000000000000e+00 0.000000000000000000e+00
3.686047710029697333e-01 4.049767976017000670e+00 1.070022399029811666e+00 -7.364799055342576839e-01
3.117985119607465272e+00 -2.387952459892687396e-01 -1.378963299646249197e-01 -2.104053464214171165e-01
3.315462683077528006e-01 2.634505786544697248e+00 -1.000000000000000194e-02 -1.000000000000000194e-02
-4.219498871267515216e-01 -1.395947681391723483e-01 -2.896383305545764952e-01 -2.868213591886599190e-01
-2.010282539099353394e-02 -6.662138495594671639e-02 -1.999000000000000429e-02 -1.999000000000000429e-02
3.862299606338350344e+00 4.034304110653978093e+00 -6.926431322749762032e-01 5.694451782472400581e+00
3.201152217279939372e+00 3.394532920941770726e+00 -4.900995010000001872e-02 5.701375531985840794e+00
2.287729384942512656e+00 2.114118317796371826e+00 3.687996456824828018e-01 5.657388406109875589e+00
1.023983727510339170e+00 -1.602911767704851276e-01 5.628953709871638011e+00 2.655303555217823241e+00
-2.234237800825236361e-02 -3.524040624676366695e-02 -2.997001000000000526e-02 5.342782373935931695e+00
0.000000000000000000e+00 0.000000000000000000e+00 0.000000000000000000e+00 0.000000000000000000e+00
0.000000000000000000e+00 0.000000000000000000e+00 0.000000000000000000e+00 0.000000000000000000e+00
0.000000000000000000e+00 0.000000000000000000e+00 0.000000000000000000e+00 0.000000000000000000e+00
0.000000000000000000e+00 0.000000000000000000e+00 0.000000000000000000e+00 0.000000000000000000e+00
0.000000000000000000e+00 0.000000000000000000e+00 0.000000000000000000e+00 0.000000000000000000e+00
0.000000000000000000e+00 0.000000000000000000e+00 0.000000000000000000e+00 0.000000000000000000e+00
0.000000000000000000e+00 0.000000000000000000e+00 0.000000000000000000e+00 0.000000000000000000e+00
0.000000000000000000e+00 0.000000000000000000e+00 0.000000000000000000e+00 0.000000000000000000e+00
0.000000000000000000e+00 0.000000000000000000e+00 0.000000000000000000e+00 0.000000000000000000e+00
0.000000000000000000e+00 0.000000000000000000e+00 0.000000000000000000e+00 0.000000000000000000e+00
0.000000000000000000e+00 0.000000000000000000e+00 0.000000000000000000e+00 0.000000000000000000e+00
0.000000000000000000e+00 0.000000000000000000e+00 0.000000000000000000e+00 0.000000000000000000e+00
0.000000000000000000e+00 0.000000000000000000e+00 0.000000000000000000e+00 0.000000000000000000e+00
0.000000000000000000e+00 0.000000000000000000e+00 0.000000000000000000e+00 0.000000000000000000e+00
0.000000000000000000e+00 0.000000000000000000e+00 0.000000000000000000e+00 0.000000000000000000e+00
-3.997713855999999844e+00 -2.000000000000000000e+00 -3.999929426734719407e+00 -4.273153940738363965e-01
-7.600000000000000089e-01 -7.600000000000000089e-01 -7.600000000000000089e-01 -5.705557081574690326e-01
-1.084000000000000075e+00 -7.600000000000000089e-01 -7.600000000000000089e-01 -7.645141287034202815e-01
-4.000000000000000222e-01 -4.000000000000000222e-01 0.000000000000000000e+00 0.000000000000000000e+00
0.000000000000000000e+00 0.000000000000000000e+00 0.000000000000000000e+00 0.000000000000000000e+00
-4.000000000000000000e+00 -2.000000000000000000e+00 -1.972474467735919890e-01 1.802582620964626514e+00
-1.479999999999999982e+00 -1.199999999999999956e+00 -1.856164938756969807e-01 9.354952882244150780e-01
-7.600000000000000089e-01 -7.600000000000000089e-01 -4.297265409078435128e-01 -1.794927196290060367e-01
-4.000000000000000222e-01 -4.000000000000000222e-01 3.835985319291210782e-01 -6.965175984938759557e-02
-4.000000000000000222e-01 -4.000000000000000222e-01 -7.375946080478568145e-02 -5.919076056037128608e-02
-3.997277265999999329e+00 -3.728883788663247545e-01 -3.998847303333759484e+00 -2.000000000000000000e+00
-4.000000000000000222e-01 -2.040767119573002469e-02 -4.000000000000000222e-01 -4.000000000000000222e-01
-7.600000000000000089e-01 4.675502865241734640e-02 -7.600000000000000089e-01 -7.600000000000000089e-01
-4.000000000000000222e-01 -8.443858953100846776e-02 -4.000000000000000222e-01 -4.000000000000000222e-01
-4.000000000000000222e-01 0.000000000000000000e+00 0.000000000000000000e+00 0.000000000000000000e+00
-3.999999999999999112e+00 1.209049427611531558e+00 -2.585638718644343581e-01 -8.305268103324274787e-01
-1.696000000000000174e+00 -4.507283197168709954e-01 -3.369740665325087758e-01 -3.633145971522478979e-01
-7.600000000000000089e-01 -8.103369949496346258e-01 -6.503484308910277845e-01 -7.090428740850995837e-01
-4.000000000000000222e-01 1.652847808736645385e+00 -1.357556327405563534e-01 -1.312541872310217517e-01
-4.000000000000000222e-01 -2.528451133859169753e-01 -2.175878221892202369e-01 -2.146853908453885962e-01
-4.000000000000000000e+00 1.497238774904198655e+00 -3.999999999999999112e+00 2.785000893528865262e+00
-1.667200000000000237e+00 2.968211857960101341e-02 -1.667200000000000237e+00 2.214312586969404695e+00
-1.224817352840961160e+00 -2.694427409354923642e-01 -2.605286239600000275e+00 4.739971873528845414e-01
-4.267309000000000241e-01 -2.093901242162579668e-02 -4.000000000000000222e-01 -1.949616711508778688e-01
-4.090000000000000302e-01 -4.099000000000000421e-01 -4.000000000000000222e-01 -1.266791647683515598e-01
-9.999061323951025093e-01 4.290218041639675128e+00 3.521311945390149578e+00 3.559209952694239565e+00
-8.763596399999999953e-01 4.128703658187330205e+00 2.799695723746611353e+00 3.496086188620292745e+00
-1.082663830577797803e+00 1.271386995669297804e+00 7.125995430091321969e-01 1.941327781157306198e+00
-7.563643483792534816e-01 2.788226696029788565e-01 -8.390645562388215906e-02 4.097004621341325148e+00
-8.896685376861532268e-02 -6.013873639542273164e-01 -8.517793994697440141e-01 -6.105582204388163570e-01
0.000000000000000000e+00 0.000000000000000000e+00 0.000000000000000000e+00 0.000000000000000000e+00
0.000000000000000000e+00 0.000000000000000000e+00 0.000000000000000000e+00 0.000000000000000000e+00
0.000000000000000000e+00 0.000000000000000000e+00 0.000000000000000000e+00 0.000000000000000000e+00
0.000000000000000000e+00 0.000000000000000000e+00 0.000000000000000000e+00 0.000000000000000000e+00
0.000000000000000000e+00 0.000000000000000000e+00 0.000000000000000000e+00 0.000000000000000000e+00
0.000000000000000000e+00 0.000000000000000000e+00 0.000000000000000000e+00 0.000000000000000000e+00
0.000000000000000000e+00 0.000000000000000000e+00 0.000000000000000000e+00 0.000000000000000000e+00
0.000000000000000000e+00 0.000000000000000000e+00 0.000000000000000000e+00 0.000000000000000000e+00
0.000000000000000000e+00 0.000000000000000000e+00 0.000000000000000000e+00 0.000000000000000000e+00
0.000000000000000000e+00 0.000000000000000000e+00 0.000000000000000000e+00 0.000000000000000000e+00
-6.041978137999078902e-01 -7.676094924253265006e-01 -3.999999999999999112e+00 9.233067917934146829e-01
-5.467344456692181387e-01 -5.458268801517734969e-01 -2.110432000000000308e+00 5.049926035491135723e-01
-7.272308628515377071e-01 -7.253590493000829920e-01 -7.600000000000000089e-01 -5.900331173726149903e-01
-8.873447726472322161e-02 -8.648275251635913208e-02 -4.000000000000000222e-01 9.978532266403575823e-01
-5.920597381243751511e-02 -5.920597381243751511e-02 -4.000000000000000222e-01 -1.027289437692206903e-01
1.476569196007508689e+00 -9.999111500161872446e-01 2.032321471394724632e+00 3.833675368663092442e+00
1.382553228703749859e+00 -1.045533459902168616e+00 1.250111220540014445e+00 3.686696599473387792e+00
3.534817554322082778e-01 -1.002183086418744429e+00 -9.555624816920780251e-01 3.471147660734442475e+00
-2.842300763270559361e-01 -4.893888610613420509e-01 -6.440913390739760880e-01 4.156143066704721001e+00
-6.188420011212744098e-01 -6.791768331211738285e-01 -7.403074077935125619e-01 -5.641044786230912100e-01
-4.251372772894210228e-02 1.861337638818448603e+00 -4.000000000000000000e+00 -2.000000000000000000e+00
-3.773075287275605150e-01 3.879680427925463193e-01 -1.375600000000000156e+00 -4.000000000000000222e-01
-6.469459496004092980e-01 -1.209322894923957753e-01 -1.375600000000000156e+00 -7.600000000000000089e-01
-5.982994305270278312e-02 -9.454467842927891108e-02 -4.000000000000000222e-01 -4.000000000000000222e-01
-2.980050000000000754e-02 -3.597400000000000597e-02 -4.000000000000000222e-01 -4.000000000000000222e-01
2.150707020205688380e+00 3.945511669766137430e+00 1.511460380658975922e+00 -8.113372420784599193e-01
1.131561785408683463e+00 4.405688082123309535e+00 1.456431734503914832e+00 -6.291554503650861330e-01
1.632791968467817378e+00 2.301482271931639456e+00 -3.827022852894040872e-01 -1.008903207485054798e+00
-7.803967810727731047e-01 3.856205794611013093e+00 -4.819158955005921063e-01 -6.213674473945468568e-01
-4.674886742686377716e-01 -7.627538670425988432e-01 -5.043681143758270702e-01 -5.625337581776237439e-01
3.342399504760102502e+00 3.958278707982876732e+00 -9.999090623214264006e-01 3.496460665978732507e+00
1.426560470470924269e+00 3.821099108112847809e+00 -4.994564601873314191e-01 1.551726694170816767e+00
1.370568275593575081e+00 2.113340414519416122e+00 -1.010736055888019624e+00 2.775869597935831656e+00
2.005549631490937124e+00 4.231231538745526599e+00 1.680417259590974322e+00 1.341545689533433228e+00
-9.271716756010794924e-01 -6.030880979476744841e-01 -8.103805952826919068e-01 -6.307493086128245219e-01
0.000000000000000000e+00 0.000000000000000000e+00 0.000000000000000000e+00 0.000000000000000000e+00
0.000000000000000000e+00 0.000000000000000000e+00 0.000000000000000000e+00 0.000000000000000000e+00
0.000000000000000000e+00 0.000000000000000000e+00 0.000000000000000000e+00 0.000000000000000000e+00
0.000000000000000000e+00 0.000000000000000000e+00 0.000000000000000000e+00 0.000000000000000000e+00
0.000000000000000000e+00 0.000000000000000000e+00 0.000000000000000000e+00 0.000000000000000000e+00
0.000000000000000000e+00 0.000000000000000000e+00 0.000000000000000000e+00 0.000000000000000000e+00
0.000000000000000000e+00 0.000000000000000000e+00 0.000000000000000000e+00 0.000000000000000000e+00
0.000000000000000000e+00 0.000000000000000000e+00 0.000000000000000000e+00 0.000000000000000000e+00
0.000000000000000000e+00 0.000000000000000000e+00 0.000000000000000000e+00 0.000000000000000000e+00
0.000000000000000000e+00 0.000000000000000000e+00 0.000000000000000000e+00 0.000000000000000000e+00
0.000000000000000000e+00 0.000000000000000000e+00 0.000000000000000000e+00 0.000000000000000000e+00
0.000000000000000000e+00 0.000000000000000000e+00 0.000000000000000000e+00 0.000000000000000000e+00
0.000000000000000000e+00 0.000000000000000000e+00 0.000000000000000000e+00 0.000000000000000000e+00
0.000000000000000000e+00 0.000000000000000000e+00 0.000000000000000000e+00 0.000000000000000000e+00
0.000000000000000000e+00 0.000000000000000000e+00 0.000000000000000000e+00 0.000000000000000000e+00
-1.199999999999999956e+00 -4.000000000000000222e-01 -3.428463999999999512e+00 8.112372077456685149e-02
0.000000000000000000e+00 0.000000000000000000e+00 -4.000000000000000222e-01 0.000000000000000000e+00
-4.000000000000000222e-01 -4.000000000000000222e-01 -4.000000000000000222e-01 2.395026631657850430e-02
-7.600000000000000089e-01 -7.600000000000000089e-01 -7.600000000000000089e-01 -4.026127930905148422e-01
0.000000000000000000e+00 0.000000000000000000e+00 0.000000000000000000e+00 0.000000000000000000e+00
-2.000000000000000000e+00 -3.999998021557834793e+00 9.887850835750242595e-01 3.893078800024756703e+00
-1.199999999999999956e+00 -1.667200000000000237e+00 -5.135873920654405733e-01 3.821354419484936926e+00
-4.000000000000000222e-01 -4.000000000000000222e-01 -4.093464546570740326e-01 1.775078222647548110e+00
-7.600000000000000089e-01 -7.600000000000000089e-01 -6.976915034681859806e-01 6.199964167089621059e-01
-4.000000000000000222e-01 -4.000000000000000222e-01 -5.846473630500000768e-02 -5.926035610358930394e-02
0.000000000000000000e+00 0.000000000000000000e+00 0.000000000000000000e+00 0.000000000000000000e+00
0.000000000000000000e+00 0.000000000000000000e+00 0.000000000000000000e+00 0.000000000000000000e+00
0.000000000000000000e+00 0.000000000000000000e+00 0.000000000000000000e+00 0.000000000000000000e+00
0.000000000000000000e+00 0.000000000000000000e+00 0.000000000000000000e+00 0.000000000000000000e+00
0.000000000000000000e+00 0.000000000000000000e+00 0.000000000000000000e+00 0.000000000000000000e+00
0.000000000000000000e+00 0.000000000000000000e+00 0.000000000000000000e+00 0.000000000000000000e+00
0.000000000000000000e+00 0.000000000000000000e+00 0.000000000000000000e+00 0.000000000000000000e+00
0.000000000000000000e+00 0.000000000000000000e+00 0.000000000000000000e+00 0.000000000000000000e+00
0.000000000000000000e+00 0.000000000000000000e+00 0.000000000000000000e+00 0.000000000000000000e+00
0.000000000000000000e+00 0.000000000000000000e+00 0.000000000000000000e+00 0.000000000000000000e+00
-6.333868063904171120e-01 1.936664736249011365e-01 -3.999999999999999112e+00 1.681300749710262776e+00
-2.123792953120296478e-01 -2.092177119672341545e-01 -4.000000000000000222e-01 4.241179648828585780e-03
-3.241869399492443571e-01 -4.200704751144638815e-01 -1.084000000000000075e+00 -4.449252001557623126e-01
-7.617959262346752913e-01 -7.649111493226145031e-01 -7.600000000000000089e-01 -6.553116810656914870e-01
-1.000000000000000194e-02 -1.000000000000000194e-02 -4.000000000000000222e-01 -3.819552803542746594e-02
-5.741128189691557804e-01 1.906384561252005172e+00 1.814930650225902609e+00 4.506739660489955668e+00
-6.300242927706209972e-01 1.674930584969912317e+00 1.602651174189052341e+00 3.878207756221267566e+00
-2.714155409940139929e-01 2.887118101086657562e-01 2.590424029744936796e+00 -1.425825910234967686e-01
-1.019518840068353915e+00 -9.626614764992935669e-01 -4.353394472043768948e-01 1.929561325190916610e-01
-5.165890297195604441e-01 -6.629488614896866805e-01 -5.205520385209330136e-01 -5.167095767083821345e-01
9.301935618114570703e-01 -3.136000000000000121e+00 -1.840000000000000302e+00 -1.199999999999999956e+00
1.417675811913361894e+00 -4.000000000000000222e-01 -4.000000000000000222e-01 -4.000000000000000222e-01
0.000000000000000000e+00 0.000000000000000000e+00 0.000000000000000000e+00 0.000000000000000000e+00
-4.505973429744317138e-01 -1.084000000000000075e+00 -1.084000000000000075e+00 -1.084000000000000075e+00
-1.000000000000000194e-02 -4.000000000000000222e-01 0.000000000000000000e+00 0.000000000000000000e+00
3.461498642850813656e+00 -3.999084989386338496e+00 -3.808895681636483288e-01 -1.479819572849391807e-01
2.608194055146503043e+00 -1.120000000000000107e+00 2.905663202867414530e-01 -3.354621432460257457e-01
3.177093613095151259e+00 -4.000000000000000222e-01 -2.927621381900244457e-02 -2.970100000000000864e-02
2.956736331741354196e-01 -1.084000000000000075e+00 -8.444734272491551952e-01 -8.670272828903723417e-01
-1.159390229826918750e-01 -4.000000000000000222e-01 -5.945211625349876294e-02 -5.851347261047501469e-02
4.184612609695133045e+00 -3.999999999850448518e+00 -3.999999999999119371e+00 1.196641986351757669e+00
1.353404407102017704e+00 -2.804339620514519016e+00 -1.375600000000000156e+00 3.788087725797675720e+00
2.807653409313008996e+00 -4.857778383606304873e-01 -1.084000000000000075e+00 -2.934614418427305971e-02
1.317999898404019321e+00 -1.091290000000000093e+00 -1.668391600405887409e+00 -7.644185072728071351e-01
-1.090216167137350173e-01 -4.000000000000000222e-01 -4.000000000000000222e-01 -8.693946052481388298e-02
3.300038765557057996e+00 -9.997422277716251360e-01 3.536070589656173269e+00 4.241463701369108996e+00
1.374003967651961533e+00 -5.128855471419091483e-01 1.368784105589537559e+00 3.954432705616679034e+00
2.431363157631867722e+00 -2.782565203924978747e-01 1.799635656660342420e+00 2.748924639816472393e+00
1.423666435175758582e-01 2.430340652924039890e+00 -7.077083159134295309e-01 -3.812933819479440989e-01
-7.112665757623619633e-01 1.226441492423401280e-01 -7.569456184806155896e-01 -7.368387144396603139e-01
2.798050417440420823e+00 6.082212807355955597e-01 -3.999999999998922195e+00 -2.000000000000000000e+00
2.404794829633093656e+00 -9.750495166884158849e-01 -1.958800000000000097e+00 -4.000000000000000222e-01
2.560387694810834169e+00 -2.974803885828435357e-01 -4.000000000000000222e-01 -4.000000000000000222e-01
-3.936658854664798479e-02 -4.110962364190223761e-01 -7.600000000000000089e-01 -7.600000000000000089e-01
-1.000000000000000194e-02 -1.000000000000000194e-02 -4.000000000000000222e-01 0.000000000000000000e+00
3.898342960462679585e+00 1.902190026923670674e+00 2.118866363920455687e+00 -9.997390354330675244e-01
9.974700319447398211e-01 3.711251512446950507e+00 1.288911190218489766e+00 -4.827507219197721966e-01
2.888182671751406083e+00 4.122172244379098544e-02 3.010679940151738676e-01 -5.720930624027691369e-01
2.114129268386395033e+00 -6.226382666854353154e-01 -5.030478450198729856e-01 -6.488558128193316898e-01
-4.677427797886890559e-01 -5.524420497366231420e-01 -8.133001322887751794e-01 -5.040778337744640236e-01
3.733146768125184423e+00 3.610900194476148517e+00 -9.997347741873237048e-01 4.691532869000764272e+00
3.207048393281886955e+00 3.074204943923085853e+00 -9.957701094278192944e-01 4.093560274219186113e+00
3.060753355805897691e+00 -2.220088044339718625e-02 -4.294039900000000687e-01 -2.440949063613471193e-01
-4.584364662607715024e-01 -7.229137366621321004e-01 -1.391352503835395993e+00 5.992122114606510674e-01
-4.159587555443083895e-01 -4.919120120804154617e-01 -4.872075296558426305e-01 -4.930300174126103774e-01
0.000000000000000000e+00 0.000000000000000000e+00 0.000000000000000000e+00 0.000000000000000000e+00
0.000000000000000000e+00 0.000000000000000000e+00 0.000000000000000000e+00 0.000000000000000000e+00
0.000000000000000000e+00 0.000000000000000000e+00 0.000000000000000000e+00 0.000000000000000000e+00
0.000000000000000000e+00 0.000000000000000000e+00 0.000000000000000000e+00 0.000000000000000000e+00
0.000000000000000000e+00 0.000000000000000000e+00 0.000000000000000000e+00 0.000000000000000000e+00
0.000000000000000000e+00 0.000000000000000000e+00 0.000000000000000000e+00 0.000000000000000000e+00
0.000000000000000000e+00 0.000000000000000000e+00 0.000000000000000000e+00 0.000000000000000000e+00
0.000000000000000000e+00 0.000000000000000000e+00 0.000000000000000000e+00 0.000000000000000000e+00
0.000000000000000000e+00 0.000000000000000000e+00 0.000000000000000000e+00 0.000000000000000000e+00
0.000000000000000000e+00 0.000000000000000000e+00 0.000000000000000000e+00 0.000000000000000000e+00
-4.000000000000000222e-01 -7.600000000000000089e-01 7.749756771300415625e-01 0.000000000000000000e+00
-4.000000000000000222e-01 -7.600000000000000089e-01 3.920479122272968908e+00 0.000000000000000000e+00
-4.000000000000000222e-01 -4.000000000000000222e-01 0.000000000000000000e+00 0.000000000000000000e+00
0.000000000000000000e+00 0.000000000000000000e+00 0.000000000000000000e+00 0.000000000000000000e+00
0.000000000000000000e+00 0.000000000000000000e+00 0.000000000000000000e+00 0.000000000000000000e+00
0.000000000000000000e+00 0.000000000000000000e+00 0.000000000000000000e+00 0.000000000000000000e+00
0.000000000000000000e+00 0.000000000000000000e+00 0.000000000000000000e+00 0.000000000000000000e+00
0.000000000000000000e+00 0.000000000000000000e+00 0.000000000000000000e+00 0.000000000000000000e+00
0.000000000000000000e+00 0.000000000000000000e+00 0.000000000000000000e+00 0.000000000000000000e+00
0.000000000000000000e+00 0.000000000000000000e+00 0.000000000000000000e+00 0.000000000000000000e+00
-2.000000000000000000e+00 -3.840006498303999649e+00 5.539481996897315241e+00 -3.158956963099476267e-01
-4.000000000000000222e-01 -4.000000000000000222e-01 4.520122999701409405e+00 0.000000000000000000e+00
-4.000000000000000222e-01 -4.000000000000000222e-01 5.493322446676101478e+00 0.000000000000000000e+00
-4.000000000000000222e-01 0.000000000000000000e+00 0.000000000000000000e+00 0.000000000000000000e+00
0.000000000000000000e+00 0.000000000000000000e+00 0.000000000000000000e+00 0.000000000000000000e+00
0.000000000000000000e+00 0.000000000000000000e+00 0.000000000000000000e+00 0.000000000000000000e+00
0.000000000000000000e+00 0.000000000000000000e+00 0.000000000000000000e+00 0.000000000000000000e+00
0.000000000000000000e+00 0.000000000000000000e+00 0.000000000000000000e+00 0.000000000000000000e+00
0.000000000000000000e+00 0.000000000000000000e+00 0.000000000000000000e+00 0.000000000000000000e+00
0.000000000000000000e+00 0.000000000000000000e+00 0.000000000000000000e+00 0.000000000000000000e+00
-5.000000000000000278e-02 2.243373574691671202e+00 -3.088590211185071044e-01 -3.629560000000000120e+00
-1.866762561494779774e-02 6.089729817557958808e-02 5.354992986244318409e+00 0.000000000000000000e+00
1.275261583162329959e+00 0.000000000000000000e+00 0.000000000000000000e+00 -4.000000000000000222e-01
-1.241906767645080747e-02 1.401803790437087249e-01 0.000000000000000000e+00 0.000000000000000000e+00
0.000000000000000000e+00 0.000000000000000000e+00 0.000000000000000000e+00 0.000000000000000000e+00
0.000000000000000000e+00 0.000000000000000000e+00 0.000000000000000000e+00 0.000000000000000000e+00
0.000000000000000000e+00 0.000000000000000000e+00 0.000000000000000000e+00 0.000000000000000000e+00
0.000000000000000000e+00 0.000000000000000000e+00 0.000000000000000000e+00 0.000000000000000000e+00
0.000000000000000000e+00 0.000000000000000000e+00 0.000000000000000000e+00 0.000000000000000000e+00
0.000000000000000000e+00 0.000000000000000000e+00 0.000000000000000000e+00 0.000000000000000000e+00
-8.937500000000000999e-02 2.406981470288129810e+00 5.865351462559760698e+00 1.563806518121644951e+00
-6.554285066097224888e-02 1.772180514083289582e+00 5.513971036350297616e+00 7.466735131525185087e-01
-2.383027390000000412e-02 5.632290633034667815e-01 5.829205627005672241e+00 6.423599705579506880e-01
-1.354635910000000221e-02 -4.148202669252039343e-02 2.367014150573258036e+00 0.000000000000000000e+00
-4.010961287445960477e-02 -3.851671188589317341e-02 -4.032283009557867115e-01 -1.541123637028727657e-02
1.520356034020775571e-01 0.000000000000000000e+00 0.000000000000000000e+00 -1.199999999999999956e+00
0.000000000000000000e+00 0.000000000000000000e+00 0.000000000000000000e+00 0.000000000000000000e+00
0.000000000000000000e+00 0.000000000000000000e+00 0.000000000000000000e+00 0.000000000000000000e+00
0.000000000000000000e+00 0.000000000000000000e+00 0.000000000000000000e+00 0.000000000000000000e+00
0.000000000000000000e+00 0.000000000000000000e+00 0.000000000000000000e+00 0.000000000000000000e+00
1.183266648761544193e+00 -3.992673622234014008e+00 5.641775441422524295e+00 -2.412400000000000322e+00
1.115876279928879722e+00 -2.749814396831062879e+00 5.311624252004524038e+00 -4.000000000000000222e-01
5.335451457730220337e-01 -1.375600000000000156e+00 5.494603984741040392e+00 0.000000000000000000e+00
5.324173747420320874e-02 -1.179100000000000287e-02 -1.853518865393951470e-02 -1.990000000000000449e-02
-1.000000000000000194e-02 -1.945359409455173563e-02 0.000000000000000000e+00 0.000000000000000000e+00
7.998824378346005570e-01 -7.600000000000000089e-01 -1.406384575652860347e-01 -1.412142673767503853e-01
3.205290381251450493e-01 0.000000000000000000e+00 0.000000000000000000e+00 0.000000000000000000e+00
0.000000000000000000e+00 0.000000000000000000e+00 0.000000000000000000e+00 0.000000000000000000e+00
0.000000000000000000e+00 0.000000000000000000e+00 0.000000000000000000e+00 0.000000000000000000e+00
0.000000000000000000e+00 0.000000000000000000e+00 0.000000000000000000e+00 0.000000000000000000e+00
1.453664093512273991e+00 -9.387500000000001399e-02 5.063589887711795967e+00 5.292708490789821418e-01
1.595057705179085517e+00 -1.811640447172754298e-01 5.825145309680140215e+00 3.920320560342677729e-01
7.743433216120108042e-01 -1.433230129000000186e-02 5.864020912153685927e+00 4.814887131903379247e-01
-1.892895093067445966e-01 1.060877272289244999e+00 -2.021646828280974084e-01 -1.533927991483811926e-01
-7.939168905271146159e-02 -4.308421414594718057e-02 -4.285005000000000064e-02 -3.723715095000000586e-02
4.463731148170034524e-02 1.065614610623154990e+00 -1.199999999999999956e+00 -2.765200000000000102e+00
-9.564913418862450167e-02 8.381979517847996108e-01 -4.000000000000000222e-01 -4.000000000000000222e-01
-8.445918736270714711e-03 4.176284223998875111e-01 -4.000000000000000222e-01 -4.000000000000000222e-01
1.145783929723194872e+00 -1.129310483975662222e-01 -4.000000000000000222e-01 -4.000000000000000222e-01
-2.969572535716774250e-02 0.000000000000000000e+00 0.000000000000000000e+00 0.000000000000000000e+00
2.734826068869373739e+00 3.914640049518949283e+00 5.681372908386044251e+00 1.916851079425882842e+00
3.554112090021763315e+00 2.769946505690815908e+00 5.464599946995054580e+00 2.061130729105297821e+00
2.620714776768778176e+00 3.280441429185461111e+00 5.806937813466100273e+00 0.000000000000000000e+00
4.002028260365144141e-01 -5.153924500259635111e-02 4.324030879133244021e+00 0.000000000000000000e+00
-4.962689812069746159e-02 -3.398211532407032637e-02 -4.000000000000000222e-01 -4.198900500000000147e-01
3.641225613765310509e+00 6.083631162226096345e-01 0.000000000000000000e+00 5.280542546260426073e-01
-5.290037115950885216e-03 2.927958566683295238e+00 -2.457268498682007585e-01 -2.428092519687987116e-01
-3.131486021966935207e-02 2.045849177731875468e+00 -3.763090000000000879e-02 -4.294039900000000687e-01
-2.303890424330692355e-01 -2.285389875486826816e-01 -1.944702535753855821e-01 -5.659285775322153711e-02
-9.810924166406739810e-02 -1.090663588400605927e-01 -8.446515029772008742e-02 -7.924426731974361371e-02
0.000000000000000000e+00 0.000000000000000000e+00 0.000000000000000000e+00 0.000000000000000000e+00
0.000000000000000000e+00 0.000000000000000000e+00 0.000000000000000000e+00 0.000000000000000000e+00
0.000000000000000000e+00 0.000000000000000000e+00 0.000000000000000000e+00 0.000000000000000000e+00
0.000000000000000000e+00 0.000000000000000000e+00 0.000000000000000000e+00 0.000000000000000000e+00
0.000000000000000000e+00 0.000000000000000000e+00 0.000000000000000000e+00 0.000000000000000000e+00
0.000000000000000000e+00 0.000000000000000000e+00 0.000000000000000000e+00 0.000000000000000000e+00
0.000000000000000000e+00 0.000000000000000000e+00 0.000000000000000000e+00 0.000000000000000000e+00
0.000000000000000000e+00 0.000000000000000000e+00 0.000000000000000000e+00 0.000000000000000000e+00
0.000000000000000000e+00 0.000000000000000000e+00 0.000000000000000000e+00 0.000000000000000000e+00
0.000000000000000000e+00 0.000000000000000000e+00 0.000000000000000000e+00 0.000000000000000000e+00
-2.991999999999999993e+00 -1.600000000000000089e+00 -3.628775209248474298e-01 -2.319999999999999840e+00
-4.000000000000000222e-01 -4.000000000000000222e-01 3.624679453150844388e+00 -1.120000000000000107e+00
-4.000000000000000222e-01 -4.000000000000000222e-01 1.425778597236466272e+00 -4.000000000000000222e-01
-4.000000000000000222e-01 -4.000000000000000222e-01 5.781605284888430285e-01 -4.000000000000000222e-01
-4.000000000000000222e-01 -4.000000000000000222e-01 -3.586718565071792680e-02 -4.000000000000000222e-01
0.000000000000000000e+00 0.000000000000000000e+00 0.000000000000000000e+00 0.000000000000000000e+00
0.000000000000000000e+00 0.000000000000000000e+00 0.000000000000000000e+00 0.000000000000000000e+00
0.000000000000000000e+00 0.000000000000000000e+00 0.000000000000000000e+00 0.000000000000000000e+00
0.000000000000000000e+00 0.000000000000000000e+00 0.000000000000000000e+00 0.000000000000000000e+00
0.000000000000000000e+00 0.000000000000000000e+00 0.000000000000000000e+00 0.000000000000000000e+00
-3.999999999999974687e+00 -2.000000000000000000e+00 4.029009080080015792e+00 1.806315336749429734e-01
-1.667200000000000237e+00 -8.000000000000000444e-01 2.473119012189510357e+00 -6.875269305000001330e-01
-4.000000000000000222e-01 -4.000000000000000222e-01 0.000000000000000000e+00 0.000000000000000000e+00
-4.000000000000000222e-01 -4.000000000000000222e-01 4.504180866386104931e-01 -4.352359900000000725e-01
-4.000000000000000222e-01 -4.000000000000000222e-01 -4.358617661478557670e-01 -2.026885838476293611e-01
-1.199999999999999956e+00 2.594628289298176460e-01 -1.199999999999999956e+00 -2.823999999999999844e+00
-4.000000000000000222e-01 -4.017999999999999905e-01 0.000000000000000000e+00 0.000000000000000000e+00
0.000000000000000000e+00 0.000000000000000000e+00 0.000000000000000000e+00 0.000000000000000000e+00
0.000000000000000000e+00 0.000000000000000000e+00 0.000000000000000000e+00 0.000000000000000000e+00
-7.600000000000000089e-01 -3.384220864636047210e-01 -7.600000000000000089e-01 -7.600000000000000089e-01
-3.999999994899335221e+00 1.212036347456258989e+00 4.272927537003020859e+00 -3.999999916600646355e+00
-2.469449920000000187e+00 4.141155063966486694e+00 1.139854596738122838e+00 -3.341148377297122884e+00
-4.090000000000000302e-01 7.231863726950983340e-01 3.596472703070977772e+00 -7.600000000000000089e-01
-4.000000000000000222e-01 -2.615816339769388432e-01 2.331586020477616650e+00 -6.145939979244479101e-01
-7.600000000000000089e-01 -1.145311542421972306e-01 -5.566664887383777627e-01 -4.627037460017287551e-01
-3.999999999997446487e+00 3.521243597687532256e-01 -5.805894066857673064e-01 -3.951595015056020843e-01
-4.000000000000000222e-01 1.940262541596888268e-01 -7.846835697272282195e-02 -7.846835697272282195e-02
-4.000000000000000222e-01 2.465299389538242014e+00 0.000000000000000000e+00 0.000000000000000000e+00
-4.000000000000000222e-01 -4.829791713228132749e-02 -2.970100000000000864e-02 -2.970100000000000864e-02
-7.600000000000000089e-01 -5.996807065712872475e-01 -1.825287186582160159e-01 -1.725524238250734643e-01
-9.447781157610689595e-01 2.524749066075617776e+00 4.215276622381008309e+00 2.107261323180706469e+00
3.219074833652640216e-02 1.714642862524831113e+00 3.970572979097940269e+00 1.400761140803094662e+00
6.709054126181170086e-02 3.964925404913456575e+00 3.177418142482036689e+00 2.815965196890406474e+00
-4.425670959930099735e-01 1.634196129769466821e-01 3.155514663654536811e+00 -4.402485100399322615e-01
-5.188433481058185581e-01 -5.900227834982967323e-01 -8.610728947224055574e-01 -5.382559383384788454e-01
0.000000000000000000e+00 0.000000000000000000e+00 0.000000000000000000e+00 0.000000000000000000e+00
0.000000000000000000e+00 0.000000000000000000e+00 0.000000000000000000e+00 0.000000000000000000e+00
0.000000000000000000e+00 0.000000000000000000e+00 0.000000000000000000e+00 0.000000000000000000e+00
0.000000000000000000e+00 0.000000000000000000e+00 0.000000000000000000e+00 0.000000000000000000e+00
0.000000000000000000e+00 0.000000000000000000e+00 0.000000000000000000e+00 0.000000000000000000e+00
-2.788839115684332848e-01 -4.759551607949704666e-01 3.394864011273815763e+00 -3.999998468400868479e+00
2.355178397267444712e+00 -4.584193125226784238e-01 2.784401316633927093e-01 -1.874236000000000235e+00
-2.008251191487120391e-03 -5.125196288492788188e-01 -3.249601766666481151e-01 -7.600000000000000089e-01
-1.905716991535176263e-01 -1.875297573086221192e-01 3.833567553165562192e+00 -7.600000000000000089e-01
-3.147412429614377394e-01 -3.359757174472473018e-01 -3.429163095429961783e-01 -4.000000000000000222e-01
0.000000000000000000e+00 0.000000000000000000e+00 0.000000000000000000e+00 0.000000000000000000e+00
0.000000000000000000e+00 0.000000000000000000e+00 0.000000000000000000e+00 0.000000000000000000e+00
0.000000000000000000e+00 0.000000000000000000e+00 0.000000000000000000e+00 0.000000000000000000e+00
0.000000000000000000e+00 0.000000000000000000e+00 0.000000000000000000e+00 0.000000000000000000e+00
0.000000000000000000e+00 0.000000000000000000e+00 0.000000000000000000e+00 0.000000000000000000e+00
1.837346583589610338e+00 -9.401634118546855490e-01 4.618956185560384675e+00 2.023726205378274301e+00
1.425617115729500117e+00 -7.239924799784311915e-01 4.061215706209880594e+00 1.358655268227347612e+00
1.338435001513336997e-02 -4.294039900000000687e-01 1.337346542094186574e-01 3.886138797244113707e+00
-9.815152276658808406e-01 -9.136628506067354660e-01 3.704670873189997327e+00 -8.556258969959746885e-01
-6.984418129607600223e-01 -6.760043015866605831e-01 -1.001136288931893104e+00 -1.056159495574678475e+00
7.760936238590275815e-01 3.741978677824511657e+00 -2.000000000000000000e+00 -3.999998988343850037e+00
-1.396335629122471833e-01 3.732385057522383587e+00 -4.000000000000000222e-01 -1.084000000000000075e+00
-4.197966244924632995e-01 2.861016443736326575e+00 -7.600000000000000089e-01 -7.600000000000000089e-01
3.386205056876466113e+00 8.729277471356294837e-03 -4.000000000000000222e-01 -1.084000000000000075e+00
-2.972484635218266558e-01 -4.090000000000000302e-01 -4.000000000000000222e-01 -4.000000000000000222e-01
3.394427520426496869e+00 3.209758701841358253e+00 4.997678870020052955e+00 -9.438452505703360806e-01
3.191212466831594874e+00 3.564160143202199205e+00 4.326207277486936675e+00 -5.136369904278523801e-01
-2.683456363865376337e-01 4.206745330767016178e+00 -4.320821197128987823e-01 -3.943354317677268406e-01
1.664302331049166028e+00 9.836336942972238040e-01 3.926993307513281017e+00 -8.971259258136886627e-01
-7.271390396094680186e-01 -8.626836479720079165e-01 -9.646283338860497381e-01 -7.787203851321541359e-01
4.149303158728810281e+00 1.312672360763160073e+00 -7.073737655251453038e-01 1.023967477553304306e+00
1.450079463584893702e+00 4.452472749444912559e+00 -6.308510850195699904e-01 1.214892026515562495e+00
4.694498494952628054e-01 3.929599151468229579e+00 -5.819233110732433545e-01 1.241896515686257141e+00
7.593345119297543189e-01 -1.282704100179449802e-01 -5.973767182949546450e-01 2.192330484091071341e+00
-6.513190181744938911e-01 -8.835552888410840300e-01 -8.324555701067092306e-01 -8.377247402106797747e-01
0.000000000000000000e+00 0.000000000000000000e+00 0.000000000000000000e+00 0.000000000000000000e+00
0.000000000000000000e+00 0.000000000000000000e+00 0.000000000000000000e+00 0.000000000000000000e+00
0.000000000000000000e+00 0.000000000000000000e+00 0.000000000000000000e+00 0.000000000000000000e+00
0.000000000000000000e+00 0.000000000000000000e+00 0.000000000000000000e+00 0.000000000000000000e+00
0.000000000000000000e+00 0.000000000000000000e+00 0.000000000000000000e+00 0.000000000000000000e+00
0.000000000000000000e+00 0.000000000000000000e+00 0.000000000000000000e+00 0.000000000000000000e+00
0.000000000000000000e+00 0.000000000000000000e+00 0.000000000000000000e+00 0.000000000000000000e+00
0.000000000000000000e+00 0.000000000000000000e+00 0.000000000000000000e+00 0.000000000000000000e+00
0.000000000000000000e+00 0.000000000000000000e+00 0.000000000000000000e+00 0.000000000000000000e+00
0.000000000000000000e+00 0.000000000000000000e+00 0.000000000000000000e+00 0.000000000000000000e+00
-1.199999999999999956e+00 -1.199999999999999956e+00 2.220044351108511727e+00 -1.199999999999999956e+00
-1.084000000000000075e+00 -1.084000000000000075e+00 -7.691671205411627632e-01 -1.084000000000000075e+00
-4.000000000000000222e-01 -4.000000000000000222e-01 6.468281919148808345e-01 -4.000000000000000222e-01
-4.000000000000000222e-01 -4.000000000000000222e-01 -1.315080408201380058e-02 -4.000000000000000222e-01
-4.000000000000000222e-01 -4.000000000000000222e-01 0.000000000000000000e+00 0.000000000000000000e+00
0.000000000000000000e+00 0.000000000000000000e+00 0.000000000000000000e+00 0.000000000000000000e+00
0.000000000000000000e+00 0.000000000000000000e+00 0.000000000000000000e+00 0.000000000000000000e+00
0.000000000000000000e+00 0.000000000000000000e+00 0.000000000000000000e+00 0.000000000000000000e+00
0.000000000000000000e+00 0.000000000000000000e+00 0.000000000000000000e+00 0.000000000000000000e+00
0.000000000000000000e+00 0.000000000000000000e+00 0.000000000000000000e+00 0.000000000000000000e+00
-2.000000000000000000e+00 -3.998378410767445157e+00 4.121348728675529038e+00 1.280130959647905797e+00
-1.199999999999999956e+00 -8.000000000000000444e-01 -1.680656662823900027e-01 3.448537152166985198e+00
-4.000000000000000222e-01 -4.000000000000000222e-01 -4.312651991595171097e-01 2.098125734537660048e+00
-4.000000000000000222e-01 -4.000000000000000222e-01 3.351069529497104682e+00 -2.538162360033942022e-01
-4.000000000000000222e-01 -4.000000000000000222e-01 -4.274794063410873313e-01 -8.422259472001109026e-02
0.000000000000000000e+00 0.000000000000000000e+00 0.000000000000000000e+00 0.000000000000000000e+00
0.000000000000000000e+00 0.000000000000000000e+00 0.000000000000000000e+00 0.000000000000000000e+00
0.000000000000000000e+00 0.000000000000000000e+00 0.000000000000000000e+00 0.000000000000000000e+00
0.000000000000000000e+00 0.000000000000000000e+00 0.000000000000000000e+00 0.000000000000000000e+00
0.000000000000000000e+00 0.000000000000000000e+00 0.000000000000000000e+00 0.000000000000000000e+00
-7.850000000000000033e-02 4.960281726339995645e-01 3.959813527449634218e+00 -3.969505379199999684e+00
-3.697804608174676821e-01 -3.675411267248738789e-01 2.683873478369195986e+00 -1.375600000000000156e+00
-3.253906245929462648e-01 -6.326403150497196259e-01 3.168377749621719364e+00 -7.600000000000000089e-01
-5.601598906701750202e-01 -5.588081763716555850e-01 1.898316153255848127e+00 -1.084000000000000075e+00
-5.456164825450002254e-02 -4.951294250500001826e-02 -6.356668391009993868e-02 -4.000000000000000222e-01
0.000000000000000000e+00 0.000000000000000000e+00 0.000000000000000000e+00 0.000000000000000000e+00
0.000000000000000000e+00 0.000000000000000000e+00 0.000000000000000000e+00 0.000000000000000000e+00
0.000000000000000000e+00 0.000000000000000000e+00 0.000000000000000000e+00 0.000000000000000000e+00
0.000000000000000000e+00 0.000000000000000000e+00 0.000000000000000000e+00 0.000000000000000000e+00
0.000000000000000000e+00 0.000000000000000000e+00 0.000000000000000000e+00 0.000000000000000000e+00
-4.791175413206707479e-01 1.176942995252653557e+00 4.627018210505744911e+00 7.905212175426941101e-01
-1.005777810408613693e+00 1.240492480656470997e+00 1.197804299006083095e+00 3.960602690433757900e+00
-8.925792215841451549e-01 8.852647238483501990e-01 3.508864593567811774e+00 8.877277733231148105e-02
-9.121795849626357366e-01 -6.630369085760482450e-01 1.965526346399240509e+00 -4.242206050507274506e-01
-6.511811026047366058e-01 -6.277120381589883502e-01 -5.098882847244005090e-01 -5.057924513657050536e-01
1.912681672928007170e+00 0.000000000000000000e+00 0.000000000000000000e+00 0.000000000000000000e+00
2.595742164298895815e+00 -4.000000000000000222e-01 -4.000000000000000222e-01 -7.600000000000000089e-01
1.081752715622309458e+00 -4.000000000000000222e-01 -4.000000000000000222e-01 -4.000000000000000222e-01
-4.151522814955663221e-02 -4.000000000000000222e-01 -4.000000000000000222e-01 -4.000000000000000222e-01
-1.090000000000000170e-02 -4.000000000000000222e-01 -4.000000000000000222e-01 -4.000000000000000222e-01
4.246724355294869468e+00 -3.999893611851518482e+00 1.756601619819225801e+00 -3.999977663595450039e+00
4.066490647342257070e+00 -1.603481127987171018e+00 1.331497549671053493e+00 -3.813920841590271671e+00
3.860093674259406971e+00 -4.267309000000000241e-01 -3.546767067723259337e-01 -4.000000000000000222e-01
-2.599834043304223574e-02 -1.686347447627977392e+00 3.386504361748893466e+00 -8.471096115546359329e-01
-1.167854307877265463e-01 -7.600000000000000089e-01 -4.535718862331047374e-01 -4.090000000000000302e-01
4.171632827787454367e+00 -3.943289340399999343e+00 -8.732699999999998797e-02 1.847959658809667227e-01
3.941557889317620855e+00 -1.874236000000000235e+00 -3.906767211666808404e-01 -1.981793624632838813e-01
3.324578509307427154e+00 -4.000000000000000222e-01 -5.500895509000001959e-02 2.827097982760291561e-01
-3.594515596871303842e-01 -1.084000000000000075e+00 -5.175204029408948525e-01 -5.217211299499604493e-01
-1.573519271635213379e-01 -4.000000000000000222e-01 -1.173633251363610380e-01 -1.175495960442990984e-01
1.511802286032891462e+00 -7.437820272997944793e-01 4.629182176293976880e+00 1.769956495659567697e+00
4.465221643964517817e+00 -5.851803883568876818e-01 3.330006706925072280e+00 2.852078396819375250e+00
4.528611570699403011e+00 -9.646053791179934889e-01 2.424862502477164838e+00 2.239882496532877632e+00
-7.115124015820947223e-01 -8.713605022608876816e-01 1.310117386297257047e+00 -1.011798361631362608e+00
-7.812686487078700504e-01 -7.623893901926406258e-01 -5.071069691901400889e-01 -8.522701147447692138e-01
4.361822504478302776e+00 1.349308273379774770e+00 -2.000000000000000000e+00 -3.991358726654386846e+00
3.984649670580218572e+00 -2.889094809980838896e-01 -8.000000000000000444e-01 -1.900480000000000391e+00
-4.359649900000001077e-01 1.801391938527871606e+00 -4.000000000000000222e-01 -4.000000000000000222e-01
-4.652228203419664920e-01 1.298919336331921803e+00 -7.600000000000000089e-01 -7.600000000000000089e-01
-4.880056058377261335e-02 -5.260892646749500828e-02 -4.000000000000000222e-01 -4.000000000000000222e-01
3.762746018797160641e+00 3.430656020506789972e+00 4.770031870881283886e+00 -7.112073850048535872e-01
4.422359115547194186e+00 1.644430357051594571e+00 1.663387644626829642e+00 5.569236947528621862e-01
3.661417070211691716e+00 4.702491445717610352e-01 1.082232576802295565e+00 -5.555676355172441960e-01
3.299391709586116384e-01 2.093661400088802527e+00 3.914381013822211264e-01 -1.433274550579983209e-01
-5.901794074466406581e-01 -8.325549719842955110e-01 -5.787914007625143409e-01 -5.315029955314791721e-01
4.208374538792577724e+00 1.211432924751461249e+00 -7.065884403928922586e-01 1.423320328808469259e+00
4.148196922833496281e+00 2.367449727526246495e+00 -2.635887277980267229e-01 1.231065226498111009e+00
4.109207731982063905e+00 2.460172024075418795e-03 -1.044633826710363644e+00 3.458652865599995962e-01
-7.338164408934169103e-01 1.792431916035351236e+00 -9.540734148474172560e-01 -4.969941407670557809e-01
-6.672490346752356638e-01 -5.197266728754608156e-01 -6.850703952846401990e-01 -5.132214880798527945e-01
0.000000000000000000e+00 0.000000000000000000e+00 0.000000000000000000e+00 0.000000000000000000e+00
0.000000000000000000e+00 0.000000000000000000e+00 0.000000000000000000e+00 0.000000000000000000e+00
0.000000000000000000e+00 0.000000000000000000e+00 0.000000000000000000e+00 0.000000000000000000e+00
0.000000000000000000e+00 0.000000000000000000e+00 0.000000000000000000e+00 0.000000000000000000e+00
0.000000000000000000e+00 0.000000000000000000e+00 0.000000000000000000e+00 0.000000000000000000e+00
0.000000000000000000e+00 0.000000000000000000e+00 0.000000000000000000e+00 0.000000000000000000e+00
0.000000000000000000e+00 0.000000000000000000e+00 0.000000000000000000e+00 0.000000000000000000e+00
0.000000000000000000e+00 0.000000000000000000e+00 0.000000000000000000e+00 0.000000000000000000e+00
0.000000000000000000e+00 0.000000000000000000e+00 0.000000000000000000e+00 0.000000000000000000e+00
0.000000000000000000e+00 0.000000000000000000e+00 0.000000000000000000e+00 0.000000000000000000e+00
-1.199999999999999956e+00 -4.000000000000000222e-01 -4.215590980155049794e-02 -1.600000000000000089e+00
-4.000000000000000222e-01 0.000000000000000000e+00 0.000000000000000000e+00 0.000000000000000000e+00
0.000000000000000000e+00 0.000000000000000000e+00 0.000000000000000000e+00 0.000000000000000000e+00
0.000000000000000000e+00 0.000000000000000000e+00 0.000000000000000000e+00 0.000000000000000000e+00
0.000000000000000000e+00 0.000000000000000000e+00 0.000000000000000000e+00 0.000000000000000000e+00
0.000000000000000000e+00 0.000000000000000000e+00 0.000000000000000000e+00 0.000000000000000000e+00
0.000000000000000000e+00 0.000000000000000000e+00 0.000000000000000000e+00 0.000000000000000000e+00
0.000000000000000000e+00 0.000000000000000000e+00 0.000000000000000000e+00 0.000000000000000000e+00
0.000000000000000000e+00 0.000000000000000000e+00 0.000000000000000000e+00 0.000000000000000000e+00
0.000000000000000000e+00 0.000000000000000000e+00 0.000000000000000000e+00 0.000000000000000000e+00
-3.999952961910500981e+00 -2.000000000000000000e+00 -3.855827164640663329e-01 1.300729497457906725e-01
-4.000000000000000222e-01 -4.000000000000000222e-01 -2.201995865793698534e-02 -1.900000000000000300e-02
-4.000000000000000222e-01 -4.000000000000000222e-01 -6.565378734038300468e-02 3.908504849013805238e-02
-4.000000000000000222e-01 -4.000000000000000222e-01 0.000000000000000000e+00 0.000000000000000000e+00
-4.000000000000000222e-01 -4.000000000000000222e-01 -2.639555779591772414e-02 0.000000000000000000e+00
-1.760000000000000009e+00 2.322467651798462374e+00 -4.000000000000000222e-01 -4.000000000000000222e-01
-4.000000000000000222e-01 7.577795859254830013e-01 0.000000000000000000e+00 0.000000000000000000e+00
-4.000000000000000222e-01 0.000000000000000000e+00 0.000000000000000000e+00 0.000000000000000000e+00
0.000000000000000000e+00 0.000000000000000000e+00 0.000000000000000000e+00 0.000000000000000000e+00
0.000000000000000000e+00 0.000000000000000000e+00 0.000000000000000000e+00 0.000000000000000000e+00
-3.977325184000000124e+00 5.421897802284273205e+00 1.340389333781584424e+00 -3.930283083191583593e+00
-4.000000000000000222e-01 4.967798882986279807e+00 6.700794592173733299e-01 -1.874236000000000235e+00
-7.707460000000001532e-01 5.719604533833144266e+00 -2.748087967824041078e-01 -1.375600000000000156e+00
-4.000000000000000222e-01 4.989762064844149414e+00 2.239182991931240596e-01 -2.982079713708359753e-02
-4.000000000000000222e-01 0.000000000000000000e+00 0.000000000000000000e+00 0.000000000000000000e+00
-3.997154485943910540e+00 4.369175891518213284e+00 -3.857760496568470865e-01 7.420797925840036391e-02
-4.000000000000000222e-01 4.499991761086491238e+00 0.000000000000000000e+00 0.000000000000000000e+00
-7.600000000000000089e-01 -4.011819047885839540e-01 1.002887925870639130e+00 -1.000000000000000194e-02
0.000000000000000000e+00 0.000000000000000000e+00 0.000000000000000000e+00 0.000000000000000000e+00
-4.000000000000000222e-01 -2.191071490316527648e-02 -4.960000000000000520e-02 0.000000000000000000e+00
-6.532376819248409960e-01 6.124631426133008816e+00 3.704779273889633018e+00 3.578390712924460981e+00
-8.685743289400002509e-02 5.605565325363021323e+00 3.091787002025535358e+00 3.904577558730446540e+00
-9.561792499119553534e-02 5.673033040126356674e+00 2.836155265350510657e+00 2.819301785445952557e+00
-5.212541872310217927e-01 5.595184964042633879e+00 2.397456730972415961e+00 4.964803782521866049e-01
-4.199700100000000047e-01 -3.927613585801575935e-01 -2.583847680804848279e-01 -2.960139144127940658e-01
0.000000000000000000e+00 0.000000000000000000e+00 0.000000000000000000e+00 0.000000000000000000e+00
0.000000000000000000e+00 0.000000000000000000e+00 0.000000000000000000e+00 0.000000000000000000e+00
0.000000000000000000e+00 0.000000000000000000e+00 0.000000000000000000e+00 0.000000000000000000e+00
0.000000000000000000e+00 0.000000000000000000e+00 0.000000000000000000e+00 0.000000000000000000e+00
0.000000000000000000e+00 0.000000000000000000e+00 0.000000000000000000e+00 0.000000000000000000e+00
-2.408024797585471832e-01 -2.400921344833472082e-01 4.933804493617924281e-01 -3.567819999999999325e+00
-5.851985059900002145e-02 -6.621422463910001110e-02 6.509880489943035142e-01 -4.000000000000000222e-01
-1.000000000000000194e-02 -1.000000000000000194e-02 -6.729044737560323231e-02 -4.000000000000000222e-01
-1.000000000000000194e-02 -1.000000000000000194e-02 -4.946861283894489481e-02 -4.000000000000000222e-01
-1.000000000000000194e-02 -1.000000000000000194e-02 -5.358336664749749345e-02 0.000000000000000000e+00
0.000000000000000000e+00 0.000000000000000000e+00 0.000000000000000000e+00 0.000000000000000000e+00
0.000000000000000000e+00 0.000000000000000000e+00 0.000000000000000000e+00 0.000000000000000000e+00
0.000000000000000000e+00 0.000000000000000000e+00 0.000000000000000000e+00 0.000000000000000000e+00
0.000000000000000000e+00 0.000000000000000000e+00 0.000000000000000000e+00 0.000000000000000000e+00
0.000000000000000000e+00 0.000000000000000000e+00 0.000000000000000000e+00 0.000000000000000000e+00
6.386545142746118398e-01 -6.240021413969738528e-01 7.016842828451681502e-01 3.377886936874385349e+00
-2.744240191068597068e-01 -2.784148785260525116e-01 -3.053029162373390171e-01 3.753687554176061258e+00
-2.020499374829411166e-01 -2.073775634086494069e-01 6.979504651250478808e-01 -2.342274245622164575e-01
-6.760651760702501845e-02 -4.381366810000000833e-01 1.315824860747830449e+00 -8.442196021189049548e-02
-1.351842670089910547e-01 -1.420935116243618457e-01 -1.444714487537829273e-01 -1.794938603279713774e-01
-7.053962195509310140e-01 4.938924654062247122e+00 -2.000000000000000000e+00 -3.981184764200550230e+00
-1.000000000000000194e-02 5.152395588839449481e+00 0.000000000000000000e+00 -4.000000000000000222e-01
-1.000000000000000194e-02 5.485403353564199058e+00 0.000000000000000000e+00 0.000000000000000000e+00
-1.000000000000000194e-02 4.232998162025429778e+00 0.000000000000000000e+00 0.000000000000000000e+00
-1.000000000000000194e-02 0.000000000000000000e+00 0.000000000000000000e+00 0.000000000000000000e+00
1.659745557356674395e+00 5.852554129450407316e+00 2.212306552136410254e+00 -6.048756028582100708e-01
1.099265996302274839e+00 5.601930492109032045e+00 1.981602337817133908e+00 -9.958098165324849593e-02
-7.237712472889434867e-01 -7.182104577892838293e-01 2.443458865225748511e+00 -6.536143494947006527e-01
4.579628883147710688e-02 5.445067163026794610e+00 2.803737770840120658e-01 -7.714073505481984505e-02
-3.013359405332322744e-02 -2.686535840036216038e-01 -5.044471814521084285e-02 -5.290191240656371557e-02
1.896774380084730760e+00 5.874869905374297652e+00 -5.366937206225095292e-01 2.355300447608393632e+00
-2.025605100296257177e-01 5.947930856152562562e+00 -2.703710856201660961e-01 8.141735237511087409e-01
-2.460243233509694719e-02 5.894869922511047911e+00 5.245190685802340047e-01 1.282900846489197111e+00
-1.643896318958457115e-01 6.049266893602498030e+00 0.000000000000000000e+00 1.702002417063284700e-01
-8.072462140283974408e-02 -7.519560113846471272e-02 -7.934126423685700091e-02 -9.912592709417715475e-02
0.000000000000000000e+00 0.000000000000000000e+00 0.000000000000000000e+00 0.000000000000000000e+00
0.000000000000000000e+00 0.000000000000000000e+00 0.000000000000000000e+00 0.000000000000000000e+00
0.000000000000000000e+00 0.000000000000000000e+00 0.000000000000000000e+00 0.000000000000000000e+00
0.000000000000000000e+00 0.000000000000000000e+00 0.000000000000000000e+00 0.000000000000000000e+00
0.000000000000000000e+00 0.000000000000000000e+00 0.000000000000000000e+00 0.000000000000000000e+00
0.000000000000000000e+00 0.000000000000000000e+00 0.000000000000000000e+00 0.000000000000000000e+00
0.000000000000000000e+00 0.000000000000000000e+00 0.000000000000000000e+00 0.000000000000000000e+00
0.000000000000000000e+00 0.000000000000000000e+00 0.000000000000000000e+00 0.000000000000000000e+00
0.000000000000000000e+00 0.000000000000000000e+00 0.000000000000000000e+00 0.000000000000000000e+00
0.000000000000000000e+00 0.000000000000000000e+00 0.000000000000000000e+00 0.000000000000000000e+00
0.000000000000000000e+00 0.000000000000000000e+00 0.000000000000000000e+00 0.000000000000000000e+00
-4.000000000000000222e-01 0.000000000000000000e+00 0.000000000000000000e+00 0.000000000000000000e+00
-4.000000000000000222e-01 0.000000000000000000e+00 0.000000000000000000e+00 0.000000000000000000e+00
0.000000000000000000e+00 0.000000000000000000e+00 0.000000000000000000e+00 0.000000000000000000e+00
0.000000000000000000e+00 0.000000000000000000e+00 0.000000000000000000e+00 0.000000000000000000e+00
0.000000000000000000e+00 0.000000000000000000e+00 0.000000000000000000e+00 0.000000000000000000e+00
0.000000000000000000e+00 0.000000000000000000e+00 0.000000000000000000e+00 0.000000000000000000e+00
0.000000000000000000e+00 0.000000000000000000e+00 0.000000000000000000e+00 0.000000000000000000e+00
0.000000000000000000e+00 0.000000000000000000e+00 0.000000000000000000e+00 0.000000000000000000e+00
0.000000000000000000e+00 0.000000000000000000e+00 0.000000000000000000e+00 0.000000000000000000e+00
-1.600000000000000089e+00 -2.487999999999999989e+00 -4.000000000000000777e-02 1.751637946500784526e+00
-4.000000000000000222e-01 -4.000000000000000222e-01 -3.270932067210721716e-02 6.522196513935084594e-01
-4.000000000000000222e-01 -7.600000000000000089e-01 3.954084515737400496e-01 -2.664185762456649370e-02
-4.000000000000000222e-01 -4.000000000000000222e-01 -2.645434446302498688e-01 -2.788114484146582139e-01
0.000000000000000000e+00 0.000000000000000000e+00 0.000000000000000000e+00 0.000000000000000000e+00
0.000000000000000000e+00 0.000000000000000000e+00 0.000000000000000000e+00 0.000000000000000000e+00
0.000000000000000000e+00 0.000000000000000000e+00 0.000000000000000000e+00 0.000000000000000000e+00
0.000000000000000000e+00 0.000000000000000000e+00 0.000000000000000000e+00 0.000000000000000000e+00
0.000000000000000000e+00 0.000000000000000000e+00 0.000000000000000000e+00 0.000000000000000000e+00
0.000000000000000000e+00 0.000000000000000000e+00 0.000000000000000000e+00 0.000000000000000000e+00
-1.147071899999999867e-01 -1.147071899999999867e-01 8.308180922755484810e-01 -2.599999999999999645e+00
-1.000000000000000194e-02 -1.000000000000000194e-02 2.900535141111514337e-01 0.000000000000000000e+00
-1.000000000000000194e-02 -1.000000000000000194e-02 6.963769552440270127e-02 0.000000000000000000e+00
0.000000000000000000e+00 0.000000000000000000e+00 0.000000000000000000e+00 0.000000000000000000e+00
0.000000000000000000e+00 0.000000000000000000e+00 0.000000000000000000e+00 0.000000000000000000e+00
0.000000000000000000e+00 0.000000000000000000e+00 0.000000000000000000e+00 0.000000000000000000e+00
0.000000000000000000e+00 0.000000000000000000e+00 0.000000000000000000e+00 0.000000000000000000e+00
0.000000000000000000e+00 0.000000000000000000e+00 0.000000000000000000e+00 0.000000000000000000e+00
0.000000000000000000e+00 0.000000000000000000e+00 0.000000000000000000e+00 0.000000000000000000e+00
0.000000000000000000e+00 0.000000000000000000e+00 0.000000000000000000e+00 0.000000000000000000e+00
-4.012630607616211598e-01 6.573763183628701379e-01 3.896449607465803044e+00 6.522824786446482781e-01
-1.431389844933063926e-01 2.501173172873065176e-01 3.304669321982294239e+00 3.740557850742131096e-01
-1.350817460094067834e-01 -1.294993823951227918e-01 -4.009719160885111822e-01 2.341777508250878270e+00
-3.902526882960139498e-01 -3.927240422534149511e-01 7.386286926589485935e-01 -4.512175921477184493e-01
-6.979034965020994297e-02 -5.985019985006000826e-02 -6.199390000000001150e-02 -1.120558218191071709e-01
3.181154092706476977e+00 0.000000000000000000e+00 0.000000000000000000e+00 -7.600000000000000089e-01
4.069642337922880770e+00 0.000000000000000000e+00 0.000000000000000000e+00 0.000000000000000000e+00
0.000000000000000000e+00 0.000000000000000000e+00 0.000000000000000000e+00 0.000000000000000000e+00
-1.000000000000000194e-02 -4.000000000000000222e-01 0.000000000000000000e+00 0.000000000000000000e+00
0.000000000000000000e+00 0.000000000000000000e+00 0.000000000000000000e+00 0.000000000000000000e+00
6.008787486941991496e+00 -3.074111680000000124e+00 1.418276471777068615e+00 -3.995387171592343911e+00
5.865528284893601452e+00 0.000000000000000000e+00 9.616314456143310041e-01 -1.874236000000000235e+00
-1.000000000000000194e-02 -1.000000000000000194e-02 -4.911461188094439628e-02 2.238334521542857392e-01
4.513282884828937469e+00 -1.000000000000000194e-02 -4.668544219019743480e-02 -4.625128474494047404e-02
-1.090000000000000170e-02 -4.000000000000000222e-01 -5.095767076735610579e-02 0.000000000000000000e+00
4.667448502963028822e+00 -3.259119999999999795e+00 0.000000000000000000e+00 5.658818574484659747e-01
5.080854066089409926e+00 -1.375600000000000156e+00 -3.567237617771727015e-02 -6.031375278152976971e-02
-6.079783018991516755e-03 -4.000000000000000222e-01 5.227818628706784043e-01 2.546713654619646161e-01
1.727133168721598278e+00 -4.000000000000000222e-01 -2.145261183641197431e-02 -2.808932158837090798e-02
-1.090000000000000170e-02 -4.000000000000000222e-01 -1.276309000000000297e-02 -2.063960879729704115e-02
5.833170617590930362e+00 -4.311999077235401101e-01 3.981425560047909151e+00 4.146929048542900453e+00
5.335209667181115556e+00 -1.138882699408683558e-01 3.280369597525936154e+00 3.588145446840463215e+00
-1.116377677506196486e-01 -4.294039900000000687e-01 3.243361690525764729e+00 -2.325143692350098157e-01
4.507089912295089817e+00 -7.725530557207993532e-02 3.315312774452046085e-01 7.187818383480935047e-01
-4.935473252500001407e-02 -4.935473252500001407e-02 -4.107910000000000172e-01 -7.458126043563731433e-02
5.678672988947649714e+00 1.780393693198004113e-01 0.000000000000000000e+00 -3.783959391999999422e+00
5.937114383607714707e+00 -3.890775060524944151e-01 0.000000000000000000e+00 -7.600000000000000089e-01
-1.000000000000000194e-02 -1.000000000000000194e-02 0.000000000000000000e+00 0.000000000000000000e+00
3.782108292399503746e+00 0.000000000000000000e+00 0.000000000000000000e+00 0.000000000000000000e+00
-1.000000000000000194e-02 0.000000000000000000e+00 0.000000000000000000e+00 0.000000000000000000e+00
5.870751905913484947e+00 1.715938605674471207e+00 2.890783509526889006e+00 -4.118983916536872458e-01
5.106591273251159357e+00 7.720700702270655302e-01 1.560085618663935803e+00 -7.804013622269576067e-02
3.134859794245953513e+00 8.527703732931146696e-02 -6.125612491789284020e-02 -5.585974909440911962e-02
1.898315487538116297e+00 -7.296544794707374160e-02 1.960796254950007145e-01 -4.917161207518930960e-02
-2.182159500000000613e-02 -4.000000000000000222e-01 -3.185986268166042523e-02 -6.855595062022386277e-02
6.041311158981340412e+00 1.238661823751951552e+00 -4.369690321319452675e-01 2.164948366992314632e+00
5.175963726644779328e+00 8.787030092655599978e-01 -8.188213555236398267e-02 2.064699092066604624e+00
3.205013085276290141e+00 -5.537595793941327976e-02 -2.420370220461441901e-01 -6.092090599603709050e-02
1.137781738088493033e-01 -2.750185740257964362e-01 -2.772647811729443967e-01 1.437339234206666871e+00
-3.246938702500000440e-02 -3.726001000000001007e-02 -2.916470762641283632e-02 -3.165158455086437145e-02
0.000000000000000000e+00 0.000000000000000000e+00 0.000000000000000000e+00 0.000000000000000000e+00
0.000000000000000000e+00 0.000000000000000000e+00 0.000000000000000000e+00 0.000000000000000000e+00
0.000000000000000000e+00 0.000000000000000000e+00 0.000000000000000000e+00 0.000000000000000000e+00
0.000000000000000000e+00 0.000000000000000000e+00 0.000000000000000000e+00 0.000000000000000000e+00
0.000000000000000000e+00 0.000000000000000000e+00 0.000000000000000000e+00 0.000000000000000000e+00
0.000000000000000000e+00 0.000000000000000000e+00 0.000000000000000000e+00 0.000000000000000000e+00
0.000000000000000000e+00 0.000000000000000000e+00 0.000000000000000000e+00 0.000000000000000000e+00
0.000000000000000000e+00 0.000000000000000000e+00 0.000000000000000000e+00 0.000000000000000000e+00
0.000000000000000000e+00 0.000000000000000000e+00 0.000000000000000000e+00 0.000000000000000000e+00
0.000000000000000000e+00 0.000000000000000000e+00 0.000000000000000000e+00 0.000000000000000000e+00
0.000000000000000000e+00 0.000000000000000000e+00 0.000000000000000000e+00 0.000000000000000000e+00
0.000000000000000000e+00 0.000000000000000000e+00 0.000000000000000000e+00 0.000000000000000000e+00
0.000000000000000000e+00 0.000000000000000000e+00 0.000000000000000000e+00 0.000000000000000000e+00
0.000000000000000000e+00 0.000000000000000000e+00 0.000000000000000000e+00 0.000000000000000000e+00
0.000000000000000000e+00 0.000000000000000000e+00 0.000000000000000000e+00 0.000000000000000000e+00
0.000000000000000000e+00 0.000000000000000000e+00 0.000000000000000000e+00 0.000000000000000000e+00
0.000000000000000000e+00 0.000000000000000000e+00 0.000000000000000000e+00 0.000000000000000000e+00
0.000000000000000000e+00 0.000000000000000000e+00 0.000000000000000000e+00 0.000000000000000000e+00
0.000000000000000000e+00 0.000000000000000000e+00 0.000000000000000000e+00 0.000000000000000000e+00
0.000000000000000000e+00 0.000000000000000000e+00 0.000000000000000000e+00 0.000000000000000000e+00
0.000000000000000000e+00 0.000000000000000000e+00 0.000000000000000000e+00 0.000000000000000000e+00
0.000000000000000000e+00 0.000000000000000000e+00 0.000000000000000000e+00 0.000000000000000000e+00
0.000000000000000000e+00 0.000000000000000000e+00 0.000000000000000000e+00 0.000000000000000000e+00
0.000000000000000000e+00 0.000000000000000000e+00 0.000000000000000000e+00 0.000000000000000000e+00
0.000000000000000000e+00 0.000000000000000000e+00 0.000000000000000000e+00 0.000000000000000000e+00
0.000000000000000000e+00 0.000000000000000000e+00 0.000000000000000000e+00 0.000000000000000000e+00
0.000000000000000000e+00 0.000000000000000000e+00 0.000000000000000000e+00 0.000000000000000000e+00
0.000000000000000000e+00 0.000000000000000000e+00 0.000000000000000000e+00 0.000000000000000000e+00
0.000000000000000000e+00 0.000000000000000000e+00 0.000000000000000000e+00 0.000000000000000000e+00
0.000000000000000000e+00 0.000000000000000000e+00 0.000000000000000000e+00 0.000000000000000000e+00
0.000000000000000000e+00 0.000000000000000000e+00 0.000000000000000000e+00 0.000000000000000000e+00
0.000000000000000000e+00 0.000000000000000000e+00 0.000000000000000000e+00 0.000000000000000000e+00
0.000000000000000000e+00 0.000000000000000000e+00 0.000000000000000000e+00 0.000000000000000000e+00
0.000000000000000000e+00 0.000000000000000000e+00 0.000000000000000000e+00 0.000000000000000000e+00
0.000000000000000000e+00 0.000000000000000000e+00 0.000000000000000000e+00 0.000000000000000000e+00
0.000000000000000000e+00 0.000000000000000000e+00 0.000000000000000000e+00 0.000000000000000000e+00
0.000000000000000000e+00 0.000000000000000000e+00 0.000000000000000000e+00 0.000000000000000000e+00
0.000000000000000000e+00 0.000000000000000000e+00 0.000000000000000000e+00 0.000000000000000000e+00
0.000000000000000000e+00 0.000000000000000000e+00 0.000000000000000000e+00 0.000000000000000000e+00
0.000000000000000000e+00 0.000000000000000000e+00 0.000000000000000000e+00 0.000000000000000000e+00
0.000000000000000000e+00 1.431491954086667073e+00 0.000000000000000000e+00 0.000000000000000000e+00
2.265088913992589215e-01 0.000000000000000000e+00 0.000000000000000000e+00 0.000000000000000000e+00
0.000000000000000000e+00 0.000000000000000000e+00 0.000000000000000000e+00 0.000000000000000000e+00
0.000000000000000000e+00 0.000000000000000000e+00 0.000000000000000000e+00 0.000000000000000000e+00
0.000000000000000000e+00 0.000000000000000000e+00 0.000000000000000000e+00 0.000000000000000000e+00
0.000000000000000000e+00 0.000000000000000000e+00 0.000000000000000000e+00 0.000000000000000000e+00
0.000000000000000000e+00 0.000000000000000000e+00 0.000000000000000000e+00 0.000000000000000000e+00
0.000000000000000000e+00 0.000000000000000000e+00 0.000000000000000000e+00 0.000000000000000000e+00
0.000000000000000000e+00 0.000000000000000000e+00 0.000000000000000000e+00 0.000000000000000000e+00
0.000000000000000000e+00 0.000000000000000000e+00 0.000000000000000000e+00 0.000000000000000000e+00
0.000000000000000000e+00 0.000000000000000000e+00 0.000000000000000000e+00 0.000000000000000000e+00
0.000000000000000000e+00 0.000000000000000000e+00 0.000000000000000000e+00 0.000000000000000000e+00
0.000000000000000000e+00 0.000000000000000000e+00 0.000000000000000000e+00 0.000000000000000000e+00
0.000000000000000000e+00 0.000000000000000000e+00 0.000000000000000000e+00 0.000000000000000000e+00
0.000000000000000000e+00 0.000000000000000000e+00 0.000000000000000000e+00 0.000000000000000000e+00
0.000000000000000000e+00 0.000000000000000000e+00 0.000000000000000000e+00 0.000000000000000000e+00
0.000000000000000000e+00 0.000000000000000000e+00 0.000000000000000000e+00 0.000000000000000000e+00
0.000000000000000000e+00 0.000000000000000000e+00 0.000000000000000000e+00 0.000000000000000000e+00
0.000000000000000000e+00 0.000000000000000000e+00 0.000000000000000000e+00 0.000000000000000000e+00
0.000000000000000000e+00 0.000000000000000000e+00 0.000000000000000000e+00 0.000000000000000000e+00
5.484907106664211884e-01 0.000000000000000000e+00 0.000000000000000000e+00 0.000000000000000000e+00
4.601614194858788531e-01 0.000000000000000000e+00 0.000000000000000000e+00 0.000000000000000000e+00
-2.413511259544658810e-02 -2.365468481606977993e-02 1.050194710229245820e-01 0.000000000000000000e+00
1.402134089648028326e-01 0.000000000000000000e+00 0.000000000000000000e+00 0.000000000000000000e+00
0.000000000000000000e+00 0.000000000000000000e+00 0.000000000000000000e+00 0.000000000000000000e+00
0.000000000000000000e+00 0.000000000000000000e+00 0.000000000000000000e+00 0.000000000000000000e+00
0.000000000000000000e+00 0.000000000000000000e+00 0.000000000000000000e+00 0.000000000000000000e+00
-1.000000000000000194e-02 0.000000000000000000e+00 0.000000000000000000e+00 0.000000000000000000e+00
0.000000000000000000e+00 0.000000000000000000e+00 0.000000000000000000e+00 0.000000000000000000e+00
0.000000000000000000e+00 0.000000000000000000e+00 0.000000000000000000e+00 0.000000000000000000e+00
4.820131764064321533e-01 1.196236705996253757e+00 0.000000000000000000e+00 0.000000000000000000e+00
-2.989784297189861367e-03 6.968902590695935650e-01 -1.310457610944064377e-02 0.000000000000000000e+00
-1.860561324920759901e-02 -3.686961147953818677e-04 1.456292545236806957e-01 0.000000000000000000e+00
0.000000000000000000e+00 0.000000000000000000e+00 0.000000000000000000e+00 0.000000000000000000e+00
0.000000000000000000e+00 0.000000000000000000e+00 0.000000000000000000e+00 0.000000000000000000e+00
9.263560037202331898e-01 0.000000000000000000e+00 0.000000000000000000e+00 6.347830817676808346e-02
8.066839893928773320e-01 0.000000000000000000e+00 0.000000000000000000e+00 0.000000000000000000e+00
9.188377531272429871e-03 0.000000000000000000e+00 0.000000000000000000e+00 0.000000000000000000e+00
0.000000000000000000e+00 0.000000000000000000e+00 0.000000000000000000e+00 0.000000000000000000e+00
0.000000000000000000e+00 0.000000000000000000e+00 0.000000000000000000e+00 0.000000000000000000e+00
0.000000000000000000e+00 0.000000000000000000e+00 0.000000000000000000e+00 0.000000000000000000e+00
0.000000000000000000e+00 0.000000000000000000e+00 0.000000000000000000e+00 0.000000000000000000e+00
0.000000000000000000e+00 0.000000000000000000e+00 0.000000000000000000e+00 0.000000000000000000e+00
0.000000000000000000e+00 0.000000000000000000e+00 0.000000000000000000e+00 0.000000000000000000e+00
0.000000000000000000e+00 0.000000000000000000e+00 0.000000000000000000e+00 0.000000000000000000e+00
