0.000000000000000000e+00 0.000000000000000000e+00 0.000000000000000000e+00 0.000000000000000000e+00
0.000000000000000000e+00 0.000000000000000000e+00 0.000000000000000000e+00 0.000000000000000000e+00
-1.500000000000000000e+00 -5.000000000000000000e-01 -5.000000000000000000e-01 1.447532286997627038e-02
-2.000000000000000000e+00 -3.511965200000001008e+00 -5.808288735587132656e-01 8.725452565755902334e-01
0.000000000000000000e+00 0.000000000000000000e+00 0.000000000000000000e+00 0.000000000000000000e+00
0.000000000000000000e+00 0.000000000000000000e+00 0.000000000000000000e+00 0.000000000000000000e+00
-2.986005419089239887e-01 -6.877125344667055495e-01 -4.889749999999999375e+00 -7.713584729944800156e-01
-8.729385372354948602e-01 3.140251440936305677e-02 -8.502565918513238508e-02 3.622820876236868770e+00
-5.834229624473226128e-01 -2.200000000000000178e+00 -1.800000000000000044e+00 -1.000000000000000000e+00
-1.427262631647114310e-01 -4.631290695680001512e+00 -6.953774498135968374e-01 -7.069063072354221378e-01
7.543293721192752266e-02 -2.993475337333994180e+00 -4.291249999999999787e+00 -4.287144162660329050e-01
1.334045378473704691e-01 -8.868716655835617857e-01 -5.759255830350213518e-02 2.726728859135407301e+00
-8.931092258722999055e-01 -4.675077329401592929e-01 -4.474999999999999645e+00 -2.500000000000000000e+00
-2.273153774475659365e-03 -1.916406614061843261e-01 -2.421782406547323685e-01 -8.916915152401334588e-01
1.129877893087359725e-01 4.901508689477737657e-02 -8.871294534431470868e-01 2.399301929292679159e+00
0.000000000000000000e+00 0.000000000000000000e+00 0.000000000000000000e+00 0.000000000000000000e+00
0.000000000000000000e+00 0.000000000000000000e+00 0.000000000000000000e+00 0.000000000000000000e+00
0.000000000000000000e+00 0.000000000000000000e+00 0.000000000000000000e+00 0.000000000000000000e+00
-4.988533821440000793e+00 -2.500000000000000000e+00 -4.958196224000001706e+00 -6.585040328535531895e-01
-4.999999999999998224e+00 -2.500000000000000000e+00 -8.191197422349223434e-01 -9.624225325737064685e-01
-4.997588832500000855e+00 -9.150466280520869189e-01 -4.818559999999999732e+00 -2.500000000000000000e+00
-4.999999999999965361e+00 -5.603728642078915634e-01 -9.877060114624741649e-01 -9.997862540642652451e-01
-4.999999999999998224e+00 -8.224634734835309935e-01 -4.999999999999998224e+00 -4.718187400784097374e-01
-9.999999971813116062e-01 -5.687695621251017686e-01 -3.640905036832357555e-01 3.293868053116875694e-01
0.000000000000000000e+00 0.000000000000000000e+00 0.000000000000000000e+00 0.000000000000000000e+00
0.000000000000000000e+00 0.000000000000000000e+00 0.000000000000000000e+00 0.000000000000000000e+00
-9.659003428380752432e-01 -9.997608845931574839e-01 -4.999999999999998224e+00 2.908860349761956954e-01
-9.131011015713248469e-01 -9.769169019858714442e-01 -6.857056437936069893e-01 1.484869548329932343e-01
-8.758755591611200320e-01 -5.059452805666322384e-01 -4.999999999999998224e+00 -2.500000000000000000e+00
-7.750717106736189077e-01 2.690953769878903779e-01 -9.448330430018028192e-01 -9.999999971813116062e-01
-2.223420521319331988e-01 -1.885991436775862895e-01 -9.999999970638663305e-01 3.145668438638455910e-01
0.000000000000000000e+00 0.000000000000000000e+00 0.000000000000000000e+00 0.000000000000000000e+00
0.000000000000000000e+00 0.000000000000000000e+00 0.000000000000000000e+00 0.000000000000000000e+00
0.000000000000000000e+00 0.000000000000000000e+00 0.000000000000000000e+00 0.000000000000000000e+00
-2.000000000000000000e+00 -3.809299999999999908e+00 -3.109999999999999876e+00 -7.141479431370485464e-01
-2.500000000000000000e+00 -4.999980834036551691e+00 -8.347427558348828602e-02 -7.705708979635519373e-01
0.000000000000000000e+00 0.000000000000000000e+00 0.000000000000000000e+00 0.000000000000000000e+00
0.000000000000000000e+00 0.000000000000000000e+00 0.000000000000000000e+00 0.000000000000000000e+00
-9.443785485718720896e-01 -8.975661498129561267e-01 -4.999999999960704322e+00 -1.330951732091339643e-02
-9.545017492042813245e-01 -7.884684298965667359e-01 7.117422347010898820e-02 -3.693369423370088667e-01
-6.836765470578288761e-01 -3.529999999999999805e+00 -4.767660032000001102e+00 -2.000000000000000000e+00
5.389565069997896696e-02 -4.999998809876107231e+00 -9.500565981912828528e-01 -9.501475480719284716e-01
-8.071950810528089049e-01 -4.999998459610692336e+00 -4.999999945998622408e+00 -1.785194439598764837e-01
-1.639460380501151782e-01 -9.999972628895549276e-01 -1.210931034334858380e-01 -1.520343403891883938e-01
-2.366157695301371322e-01 -8.717329742248520752e-01 -4.999999784139447456e+00 -2.500000000000000000e+00
1.964784774286458813e-01 -5.693165975622064279e-01 -4.153013627088996129e-01 -9.999974631970278693e-01
-1.644665009040063852e-01 -2.859129904647165210e-01 -9.999973850229783023e-01 -1.651805556373913131e-01
0.000000000000000000e+00 0.000000000000000000e+00 0.000000000000000000e+00 0.000000000000000000e+00
0.000000000000000000e+00 0.000000000000000000e+00 0.000000000000000000e+00 0.000000000000000000e+00
-1.000000000000000000e+00 -1.800000000000000044e+00 2.358619311062278179e+00 0.000000000000000000e+00
0.000000000000000000e+00 0.000000000000000000e+00 0.000000000000000000e+00 0.000000000000000000e+00
-2.000000000000000000e+00 -2.480000000000000426e+00 2.268926789675001832e+00 -5.034906785126910117e-02
0.000000000000000000e+00 0.000000000000000000e+00 0.000000000000000000e+00 0.000000000000000000e+00
-7.994703243452924157e-01 -6.548904958801352594e-01 3.135322554791368344e+00 -3.507008000000000347e+00
0.000000000000000000e+00 0.000000000000000000e+00 0.000000000000000000e+00 0.000000000000000000e+00
-9.931209441278586736e-01 6.968655174671256614e-02 2.660014735990056778e+00 1.622846182571538454e-02
-1.457965678334177950e-01 0.000000000000000000e+00 0.000000000000000000e+00 0.000000000000000000e+00
3.050513884927601865e-02 -4.635598114850756346e+00 2.180497486799809703e+00 -2.480000000000000426e+00
1.474432849658560141e-01 -1.500000000000000000e+00 -6.841200000000000059e-02 -6.841200000000000059e-02
7.062584229070177633e-02 -9.935470640496080197e-01 2.664630343459989170e+00 -1.220587832380593332e-02
-7.992982824751985182e-01 -1.613675327306092200e-01 -1.500000000000000000e+00 -2.200000000000000178e+00
1.326799049752647452e-01 3.270437913377952088e-02 2.916239056128038243e+00 -8.473389286897653472e-01
2.493128704263888051e-01 -6.765942205764018391e-01 -9.930945861258677620e-01 -7.475989864227823301e-01
0.000000000000000000e+00 0.000000000000000000e+00 0.000000000000000000e+00 0.000000000000000000e+00
0.000000000000000000e+00 0.000000000000000000e+00 0.000000000000000000e+00 0.000000000000000000e+00
-3.319999999999999840e+00 -1.500000000000000000e+00 -4.083028610327788521e-01 -1.500000000000000000e+00
0.000000000000000000e+00 0.000000000000000000e+00 0.000000000000000000e+00 0.000000000000000000e+00
-4.999531923737876582e+00 -2.500000000000000000e+00 -6.009892263609650787e-01 -2.923890735150068143e-01
-1.399999999999999911e+00 -1.846433182873527812e-01 -1.000000000000000000e+00 -2.440000000000000391e+00
-4.992383003249869056e+00 1.786474535249188422e-01 -1.884692387195020802e-01 -4.999092829594771636e+00
-4.999819584788259164e+00 -2.621780495122550403e-01 -8.558888108133205774e-01 -4.520416407064336561e-01
-3.808288638202562693e-01 -2.665732677929107397e-01 -2.712145540760138585e-01 -2.691810866261970525e-01
0.000000000000000000e+00 0.000000000000000000e+00 0.000000000000000000e+00 0.000000000000000000e+00
-8.243473050743586050e-01 -8.790375598798388923e-01 2.943146806313721719e-01 -4.976018054375015431e+00
0.000000000000000000e+00 0.000000000000000000e+00 0.000000000000000000e+00 0.000000000000000000e+00
-2.659612945437841991e-01 -9.940794707796658525e-01 -2.553154561198711647e-01 -2.949583947285988050e-01
-3.710438203534269230e-01 1.346092361781141278e-01 -2.500000000000000000e+00 -4.999140718429523567e+00
-2.722168661269346868e-01 -2.722703629704096295e-01 -2.709646571120060687e-01 -9.934951491544469215e-01
-2.691626902864262538e-01 -3.689149866739295236e-01 -9.934398568195743628e-01 -3.291613133889635945e-01
0.000000000000000000e+00 0.000000000000000000e+00 0.000000000000000000e+00 0.000000000000000000e+00
0.000000000000000000e+00 0.000000000000000000e+00 0.000000000000000000e+00 0.000000000000000000e+00
-1.500000000000000000e+00 -3.888680000000000359e+00 -6.765004070172856432e-01 -3.888680000000000359e+00
0.000000000000000000e+00 0.000000000000000000e+00 0.000000000000000000e+00 0.000000000000000000e+00
-2.500000000000000000e+00 -4.999042686638579980e+00 1.490417072177076252e-02 -8.218844238938817215e-01
0.000000000000000000e+00 0.000000000000000000e+00 0.000000000000000000e+00 0.000000000000000000e+00
-9.912222910173761337e-01 -9.028396227208438374e-01 -4.773459102351433891e-01 -4.996160568226129861e+00
0.000000000000000000e+00 0.000000000000000000e+00 0.000000000000000000e+00 0.000000000000000000e+00
-8.609775932330625547e-01 -5.666478081946850764e-01 1.332532011657767412e-01 -5.406777024655975428e-01
-7.884694674597307884e-01 -3.015499999999999847e+00 -1.500000000000000000e+00 -2.480000000000000426e+00
1.584002956332500600e-01 -4.999997244079935399e+00 -6.225211931234012619e-01 -4.999668353718445424e+00
-4.304989435995922320e-01 -4.999366898507215495e+00 -9.921476146639651716e-01 -8.686306462814217255e-01
2.320254271595465767e-01 -9.999999999999975575e-01 -6.103595933550072516e-02 -3.503246806268584534e-01
-9.329556786986578643e-02 -7.418691272567798922e-01 -1.500000000000000000e+00 -4.999379544318057533e+00
1.509828122881981816e-01 -1.524723982987148951e-01 -2.469187263017146305e-01 -9.999999999999975575e-01
-9.046898256624563706e-01 2.115040847798477786e-01 -9.999999999999975575e-01 -8.669769901345749652e-01
0.000000000000000000e+00 0.000000000000000000e+00 0.000000000000000000e+00 0.000000000000000000e+00
0.000000000000000000e+00 0.000000000000000000e+00 0.000000000000000000e+00 0.000000000000000000e+00
-1.399999999999999911e+00 -9.499999999999999556e-01 -9.059468234092430405e-01 -1.719500000000000028e+00
0.000000000000000000e+00 0.000000000000000000e+00 0.000000000000000000e+00 0.000000000000000000e+00
-4.836704000000000114e+00 -2.000000000000000000e+00 -8.479289590226789519e-01 1.179758319465124966e-01
-3.605286239600000719e+00 -9.612312290359557032e-01 -1.354999999999999982e+00 -2.847663950000000277e+00
-4.585280000000000911e+00 -9.337835132979365182e-01 2.661266396666737023e-03 -4.911080461558237964e+00
-4.871404399999999413e+00 -4.688236400170596174e-01 2.009202728733444909e-01 -8.286974410832287363e-01
-9.110812441266034067e-01 2.389773490143421331e+00 1.284551377254549986e-01 1.524118642029627657e-01
0.000000000000000000e+00 0.000000000000000000e+00 0.000000000000000000e+00 0.000000000000000000e+00
-8.417433649278812657e-01 -8.432758779188067599e-01 -4.808534445954634196e-01 -3.162920000000000620e+00
0.000000000000000000e+00 0.000000000000000000e+00 0.000000000000000000e+00 0.000000000000000000e+00
-2.943706648668079628e-01 -9.100632625980153989e-01 -7.261335856714709047e-01 1.587224360709853233e-01
-8.732493052085428253e-01 3.420175769026251866e-01 -1.500000000000000000e+00 -4.176435471621404716e+00
1.168974121925017706e-02 2.082063878771107213e+00 -6.144952643551464255e-02 -9.090737663604727681e-01
3.605056690826013294e-02 2.365475150685625749e+00 -9.110865946553821093e-01 4.204270132247857339e-02
0.000000000000000000e+00 0.000000000000000000e+00 0.000000000000000000e+00 0.000000000000000000e+00
0.000000000000000000e+00 0.000000000000000000e+00 0.000000000000000000e+00 0.000000000000000000e+00
-1.500000000000000000e+00 -1.000000000000000000e+00 0.000000000000000000e+00 0.000000000000000000e+00
0.000000000000000000e+00 0.000000000000000000e+00 0.000000000000000000e+00 0.000000000000000000e+00
-1.500000000000000000e+00 -4.039600000000000080e+00 -8.753663465422468759e-01 -1.561633619158482311e-01
0.000000000000000000e+00 0.000000000000000000e+00 0.000000000000000000e+00 0.000000000000000000e+00
-5.881584711990884839e-01 -5.702796993217729149e-01 8.725380698526224998e-02 -3.799499999999999655e+00
0.000000000000000000e+00 0.000000000000000000e+00 0.000000000000000000e+00 0.000000000000000000e+00
-9.195881388694028269e-01 -7.985253055183116899e-01 -8.878611458988709959e-01 1.936427061076818196e-03
1.493068425460416293e+00 0.000000000000000000e+00 0.000000000000000000e+00 0.000000000000000000e+00
2.628365758307507516e+00 -3.418431584000000356e+00 -1.508593857596871313e-01 -4.533038912409335097e+00
1.076612901054240679e+00 -3.677302400000000304e+00 9.686019818092242092e-03 -7.905319461589626062e-01
2.897598715533464819e+00 -9.171807461997618649e-01 2.194163211141409997e-01 -5.318785940107152721e-02
1.594033744190084256e+00 -3.069251561623049795e-01 -2.000000000000000000e+00 -3.548480000000000523e+00
3.448946810690101117e+00 -9.991617185440593296e-02 -1.803454597506489454e-01 -9.181842108543032399e-01
3.248636996741137928e+00 -1.952309414056555559e-01 -9.137999797085658571e-01 9.634661272542208166e-02
0.000000000000000000e+00 0.000000000000000000e+00 0.000000000000000000e+00 0.000000000000000000e+00
0.000000000000000000e+00 0.000000000000000000e+00 0.000000000000000000e+00 0.000000000000000000e+00
0.000000000000000000e+00 0.000000000000000000e+00 0.000000000000000000e+00 0.000000000000000000e+00
0.000000000000000000e+00 0.000000000000000000e+00 0.000000000000000000e+00 0.000000000000000000e+00
0.000000000000000000e+00 0.000000000000000000e+00 0.000000000000000000e+00 0.000000000000000000e+00
0.000000000000000000e+00 0.000000000000000000e+00 0.000000000000000000e+00 0.000000000000000000e+00
0.000000000000000000e+00 0.000000000000000000e+00 0.000000000000000000e+00 0.000000000000000000e+00
0.000000000000000000e+00 0.000000000000000000e+00 0.000000000000000000e+00 0.000000000000000000e+00
-3.468134514414221610e-03 -2.040201866955333038e-02 -2.030939997031101091e-02 -2.540704393647891593e-03
0.000000000000000000e+00 0.000000000000000000e+00 0.000000000000000000e+00 0.000000000000000000e+00
0.000000000000000000e+00 0.000000000000000000e+00 0.000000000000000000e+00 0.000000000000000000e+00
0.000000000000000000e+00 0.000000000000000000e+00 0.000000000000000000e+00 0.000000000000000000e+00
-4.708559634163667074e-04 1.979521788383031833e-02 0.000000000000000000e+00 0.000000000000000000e+00
0.000000000000000000e+00 0.000000000000000000e+00 0.000000000000000000e+00 0.000000000000000000e+00
-2.967868819926434976e-02 -1.571875313340930641e-02 -1.814589564875317487e-02 -6.185826827715314169e-02
7.386506893977991609e-03 0.000000000000000000e+00 0.000000000000000000e+00 0.000000000000000000e+00
0.000000000000000000e+00 0.000000000000000000e+00 0.000000000000000000e+00 0.000000000000000000e+00
