0.000000000000000000e+00 0.000000000000000000e+00 0.000000000000000000e+00 0.000000000000000000e+00
0.000000000000000000e+00 0.000000000000000000e+00 0.000000000000000000e+00 0.000000000000000000e+00
0.000000000000000000e+00 0.000000000000000000e+00 0.000000000000000000e+00 0.000000000000000000e+00
0.000000000000000000e+00 0.000000000000000000e+00 0.000000000000000000e+00 0.000000000000000000e+00
0.000000000000000000e+00 0.000000000000000000e+00 0.000000000000000000e+00 0.000000000000000000e+00
0.000000000000000000e+00 0.000000000000000000e+00 0.000000000000000000e+00 0.000000000000000000e+00
0.000000000000000000e+00 0.000000000000000000e+00 0.000000000000000000e+00 0.000000000000000000e+00
0.000000000000000000e+00 0.000000000000000000e+00 0.000000000000000000e+00 0.000000000000000000e+00
0.000000000000000000e+00 0.000000000000000000e+00 0.000000000000000000e+00 0.000000000000000000e+00
0.000000000000000000e+00 0.000000000000000000e+00 0.000000000000000000e+00 0.000000000000000000e+00
0.000000000000000000e+00 -4.000000000000000222e-01 -1.199999999999999956e+00 2.649025202689175629e+00
0.000000000000000000e+00 0.000000000000000000e+00 0.000000000000000000e+00 0.000000000000000000e+00
-4.000000000000000222e-01 -7.600000000000000089e-01 -7.600000000000000089e-01 1.081819153509566478e+00
0.000000000000000000e+00 0.000000000000000000e+00 0.000000000000000000e+00 0.000000000000000000e+00
0.000000000000000000e+00 0.000000000000000000e+00 0.000000000000000000e+00 0.000000000000000000e+00
-1.600000000000000089e+00 -3.904726091871999927e+00 8.819640242734710922e-03 2.884884032510372620e+00
-4.000000000000000222e-01 -2.450318044000000306e+00 -1.431414326828781558e+00 1.269204126130062615e+00
-4.000000000000000222e-01 -4.000000000000000222e-01 -1.000000000000000194e-02 1.286963724514061713e+00
-4.000000000000000222e-01 -4.000000000000000222e-01 1.642098553146795203e-02 2.483669545847742910e+00
-4.000000000000000222e-01 -4.000000000000000222e-01 -4.171000000000000263e-01 8.621338610299562610e-01
0.000000000000000000e+00 0.000000000000000000e+00 0.000000000000000000e+00 0.000000000000000000e+00
0.000000000000000000e+00 0.000000000000000000e+00 0.000000000000000000e+00 0.000000000000000000e+00
0.000000000000000000e+00 0.000000000000000000e+00 0.000000000000000000e+00 0.000000000000000000e+00
0.000000000000000000e+00 0.000000000000000000e+00 0.000000000000000000e+00 0.000000000000000000e+00
0.000000000000000000e+00 0.000000000000000000e+00 0.000000000000000000e+00 0.000000000000000000e+00
0.000000000000000000e+00 0.000000000000000000e+00 0.000000000000000000e+00 0.000000000000000000e+00
0.000000000000000000e+00 0.000000000000000000e+00 0.000000000000000000e+00 0.000000000000000000e+00
0.000000000000000000e+00 0.000000000000000000e+00 0.000000000000000000e+00 0.000000000000000000e+00
0.000000000000000000e+00 0.000000000000000000e+00 0.000000000000000000e+00 0.000000000000000000e+00
0.000000000000000000e+00 0.000000000000000000e+00 0.000000000000000000e+00 0.000000000000000000e+00
-1.575913807426085222e+00 -1.552526229155927195e+00 -3.999896378517723505e+00 -3.691859760868521634e-01
-1.000000000000000194e-02 -1.090000000000000170e-02 0.000000000000000000e+00 3.303728086884900605e+00
-1.000000000000000194e-02 -1.077771800585764495e-01 -1.638040000000000163e+00 3.774427253240796531e+00
-1.951845599401429432e-01 -1.342808701664176541e-01 -4.000000000000000222e-01 -1.787113835107520254e-01
-1.000000000000000194e-02 0.000000000000000000e+00 0.000000000000000000e+00 0.000000000000000000e+00
-1.615735420537395717e+00 -1.988163313939783627e-01 -5.655211381044361607e-01 2.713237870324476830e+00
-5.813509407791481870e-02 1.245268838931793187e+00 7.245004045984420049e-01 3.489816880020483403e+00
-4.017910000000000093e-01 9.244459469979331434e-01 -4.000000000000000222e-01 2.000987977682834040e-01
-6.322208813067990707e-02 -1.266595206494889325e-01 -3.793635910000001110e-02 4.012784984100835395e+00
-2.503894722621450436e-02 -6.129428727897591467e-02 -4.190790100000000296e-01 3.543103037858439386e+00
-1.359823699314688106e-01 -8.000000000000000444e-01 0.000000000000000000e+00 0.000000000000000000e+00
-4.543590879039980518e-02 -4.000000000000000222e-01 -4.000000000000000222e-01 0.000000000000000000e+00
0.000000000000000000e+00 0.000000000000000000e+00 0.000000000000000000e+00 0.000000000000000000e+00
0.000000000000000000e+00 0.000000000000000000e+00 0.000000000000000000e+00 0.000000000000000000e+00
0.000000000000000000e+00 0.000000000000000000e+00 0.000000000000000000e+00 0.000000000000000000e+00
1.964882224128712829e-01 -1.760000000000000009e+00 -1.193891141946322731e-01 -1.431717524495360327e-01
-4.414156439798865295e-01 -7.600000000000000089e-01 -1.654428426069106117e-01 -1.536525011114282246e-01
2.804978271776549792e-01 0.000000000000000000e+00 0.000000000000000000e+00 0.000000000000000000e+00
1.200959893976087101e-01 0.000000000000000000e+00 0.000000000000000000e+00 0.000000000000000000e+00
-7.137079841488562504e-02 -4.000000000000000222e-01 0.000000000000000000e+00 0.000000000000000000e+00
-1.184379216511488364e+00 -3.999649756123883293e+00 -3.999998443085609701e+00 3.326634994571699533e+00
4.859946591575718955e-01 -1.383341979999999971e+00 -4.000000000000000222e-01 4.002241867781325402e-02
-1.791200826055140694e-02 -4.281771406631286747e-01 -4.000000000000000222e-01 2.452637665498846875e+00
-1.715767975133847614e-02 -4.119968326503435918e-01 -4.000000000000000222e-01 3.311901843522772726e+00
4.001100504700333960e-01 -4.000000000000000222e-01 -1.995000000000000245e-02 -1.995000000000000245e-02
3.544577575104607137e-01 -1.715142349028183855e+00 -1.629973858907729056e+00 -1.053751249893327024e+00
1.296663375898016834e+00 -2.972888114370933477e-01 -1.527714852729178951e-01 3.217786913124817350e+00
5.346164524183850686e-01 -1.941955711671552662e-02 6.595642850477790864e-01 4.058144706540972813e+00
6.932688266552091694e-01 -7.731202997010568068e-02 -8.159028429017231576e-02 1.786208368891964438e-01
-3.816681120841036029e-02 -1.179100000000000287e-02 -1.900000000000000300e-02 3.889012678866476058e+00
-1.655201625939841437e+00 -1.651188525050005573e+00 -3.999867799524742473e+00 -2.000000000000000000e+00
-6.222479557916301557e-02 -6.686129861696073207e-02 -4.000000000000000222e-01 -4.000000000000000222e-01
0.000000000000000000e+00 0.000000000000000000e+00 0.000000000000000000e+00 0.000000000000000000e+00
3.995893434185380372e-02 -2.663312067917675968e-02 -4.000000000000000222e-01 -4.000000000000000222e-01
-1.376689226250000370e-02 0.000000000000000000e+00 0.000000000000000000e+00 0.000000000000000000e+00
-2.234941518686139439e+00 8.666946658762280098e-01 -1.551876900692600314e+00 -1.721256208603730853e+00
7.718862338653456057e-01 -2.387952459892687396e-01 -1.378963299646249197e-01 -2.104053464214171165e-01
3.315462683077528006e-01 1.326499351518644065e+00 -1.000000000000000194e-02 -1.000000000000000194e-02
-4.219498871267515216e-01 -1.395947681391723483e-01 -2.896383305545764952e-01 -2.868213591886599190e-01
1.253065854403586088e-01 -6.662138495594671639e-02 -2.989005000000000481e-02 -2.989005000000000481e-02
3.144753154231590964e-01 4.763356944057869358e-01 -1.716996264836900377e+00 3.132669821930093690e+00
6.671634874507820223e-01 8.095194023449308052e-01 -4.900995010000001872e-02 3.830597910344627266e+00
9.108434985485033275e-01 1.075018239410887366e+00 3.687996456824828018e-01 4.122679329802274140e+00
1.001417757854139445e+00 -1.378817829680096529e-01 2.614535749732605829e+00 3.715115741280978323e+00
-1.627427267750741757e-01 -6.282943279841116113e-02 -2.997001000000000526e-02 3.826944028775094431e+00
0.000000000000000000e+00 0.000000000000000000e+00 0.000000000000000000e+00 0.000000000000000000e+00
0.000000000000000000e+00 0.000000000000000000e+00 0.000000000000000000e+00 0.000000000000000000e+00
0.000000000000000000e+00 0.000000000000000000e+00 0.000000000000000000e+00 0.000000000000000000e+00
0.000000000000000000e+00 0.000000000000000000e+00 0.000000000000000000e+00 0.000000000000000000e+00
0.000000000000000000e+00 0.000000000000000000e+00 0.000000000000000000e+00 0.000000000000000000e+00
0.000000000000000000e+00 0.000000000000000000e+00 0.000000000000000000e+00 0.000000000000000000e+00
0.000000000000000000e+00 0.000000000000000000e+00 0.000000000000000000e+00 0.000000000000000000e+00
0.000000000000000000e+00 0.000000000000000000e+00 0.000000000000000000e+00 0.000000000000000000e+00
0.000000000000000000e+00 0.000000000000000000e+00 0.000000000000000000e+00 0.000000000000000000e+00
0.000000000000000000e+00 0.000000000000000000e+00 0.000000000000000000e+00 0.000000000000000000e+00
0.000000000000000000e+00 0.000000000000000000e+00 0.000000000000000000e+00 0.000000000000000000e+00
0.000000000000000000e+00 0.000000000000000000e+00 0.000000000000000000e+00 0.000000000000000000e+00
0.000000000000000000e+00 0.000000000000000000e+00 0.000000000000000000e+00 0.000000000000000000e+00
0.000000000000000000e+00 0.000000000000000000e+00 0.000000000000000000e+00 0.000000000000000000e+00
0.000000000000000000e+00 0.000000000000000000e+00 0.000000000000000000e+00 0.000000000000000000e+00
-3.999998902105152965e+00 -2.000000000000000000e+00 -3.999999974772220135e+00 -4.826009339742658444e-01
-7.600000000000000089e-01 -7.600000000000000089e-01 -7.600000000000000089e-01 -3.495143371559500389e-01
-1.084000000000000075e+00 -7.600000000000000089e-01 -7.600000000000000089e-01 -7.645141287034202815e-01
-4.000000000000000222e-01 -4.000000000000000222e-01 -4.000000000000000222e-01 0.000000000000000000e+00
-4.000000000000000222e-01 0.000000000000000000e+00 0.000000000000000000e+00 0.000000000000000000e+00
-4.000000000000000000e+00 -2.000000000000000000e+00 -2.018129365528074537e+00 3.816997139722955179e-01
-1.983999999999999986e+00 -1.199999999999999956e+00 -1.856164938756969807e-01 7.528695648756970060e-01
-1.084000000000000075e+00 -7.600000000000000089e-01 -4.297265409078435128e-01 -2.566911571052076305e-02
-7.600000000000000089e-01 -4.000000000000000222e-01 9.422147448000645076e-01 -6.965175984938759557e-02
-4.000000000000000222e-01 -4.000000000000000222e-01 -1.420649038118300955e-01 -1.710292795833467938e-01
-3.999997405630423053e+00 -7.314853623979091779e-01 -3.999998126259461273e+00 -2.000000000000000000e+00
-4.000000000000000222e-01 -2.040767119573002469e-02 -4.000000000000000222e-01 -4.000000000000000222e-01
-7.600000000000000089e-01 4.675502865241734640e-02 -7.600000000000000089e-01 -7.600000000000000089e-01
-4.000000000000000222e-01 -8.443858953100846776e-02 -4.000000000000000222e-01 -4.000000000000000222e-01
-4.000000000000000222e-01 0.000000000000000000e+00 0.000000000000000000e+00 0.000000000000000000e+00
-3.999999999999999112e+00 -1.983297220566704322e+00 -1.474157807210902282e+00 -1.751015529908575452e+00
-1.696000000000000174e+00 -4.507283197168709954e-01 -3.369740665325087758e-01 -3.633145971522478979e-01
-7.600000000000000089e-01 -8.103369949496346258e-01 -6.503484308910277845e-01 -7.090428740850995837e-01
-4.000000000000000222e-01 1.223835268883322502e+00 -1.357556327405563534e-01 -1.312541872310217517e-01
-4.000000000000000222e-01 -1.758930635365383022e-01 -3.216400420514481384e-01 -3.189070465025932166e-01
-4.000000000000000000e+00 -9.650437618264517958e-01 -3.999999999999999112e+00 -9.464360878023059254e-02
-1.667200000000000237e+00 3.813700443599811196e-01 -1.667200000000000237e+00 -2.320080995258678724e-01
-1.502335617556865177e+00 -1.356243602352531219e-01 -2.605286239600000275e+00 7.645507185224701407e-01
-4.267309000000000241e-01 -2.093901242162579668e-02 -4.000000000000000222e-01 -1.949616711508778688e-01
-7.681000000000000050e-01 -4.588393105642675773e-01 -4.396019950050000791e-01 -4.336326321964577568e-01
-1.757373565294488182e+00 4.365928315500758328e-01 -3.973717514778685733e-01 -7.423958319184170707e-01
-8.763596399999999953e-01 -5.779820814041127658e-02 -8.764857605647490002e-02 1.098583457393254248e+00
-1.082663830577797803e+00 -9.450125860621799712e-02 -3.980305203962919425e-03 2.285959593024299963e+00
-7.563643483792534816e-01 8.887388271755336522e-03 7.735852376072277492e-02 7.307451494140817516e-01
-8.841646314045188415e-01 4.201371218188867940e-01 -1.063990032007462894e+00 -8.514884240808673344e-01
0.000000000000000000e+00 0.000000000000000000e+00 0.000000000000000000e+00 0.000000000000000000e+00
0.000000000000000000e+00 0.000000000000000000e+00 0.000000000000000000e+00 0.000000000000000000e+00
0.000000000000000000e+00 0.000000000000000000e+00 0.000000000000000000e+00 0.000000000000000000e+00
0.000000000000000000e+00 0.000000000000000000e+00 0.000000000000000000e+00 0.000000000000000000e+00
0.000000000000000000e+00 0.000000000000000000e+00 0.000000000000000000e+00 0.000000000000000000e+00
0.000000000000000000e+00 0.000000000000000000e+00 0.000000000000000000e+00 0.000000000000000000e+00
0.000000000000000000e+00 0.000000000000000000e+00 0.000000000000000000e+00 0.000000000000000000e+00
0.000000000000000000e+00 0.000000000000000000e+00 0.000000000000000000e+00 0.000000000000000000e+00
0.000000000000000000e+00 0.000000000000000000e+00 0.000000000000000000e+00 0.000000000000000000e+00
0.000000000000000000e+00 0.000000000000000000e+00 0.000000000000000000e+00 0.000000000000000000e+00
-1.150273566290233918e+00 -1.800650201317929966e+00 -3.999999999999999112e+00 -1.658651909619477172e+00
-5.467344456692181387e-01 -5.458268801517734969e-01 -2.110432000000000308e+00 8.552137702423238119e-01
-7.272308628515377071e-01 -7.253590493000829920e-01 -7.600000000000000089e-01 -5.900331173726149903e-01
-8.873447726472322161e-02 -8.648275251635913208e-02 -4.000000000000000222e-01 9.978532266403575823e-01
-1.065187413047764819e-01 -1.072430458941960735e-01 -4.000000000000000222e-01 -1.235402907546319790e-01
-6.669448350678288673e-01 -1.999999999645829973e+00 -6.675672777442278605e-01 1.510257961466365595e+00
-3.241268701049211942e-01 -1.045533459902168616e+00 -4.477941085746127425e-02 7.813445719975408155e-01
-1.837335997812062638e-01 -1.002183086418744429e+00 -4.793533269778830208e-01 5.760327009821704092e-01
-2.842300763270559361e-01 -4.893888610613420509e-01 -2.042669091276601567e-01 1.024382518575388534e+00
-9.350830786246029369e-01 -9.355534849661359953e-01 -9.944377552324445979e-01 3.922343151954671425e-01
-1.181848672586270244e+00 -1.845386400193858245e+00 -4.000000000000000000e+00 -2.000000000000000000e+00
-3.773075287275605150e-01 5.266495698662231328e-01 -1.638040000000000163e+00 -4.000000000000000222e-01
-6.469459496004092980e-01 1.817352795167944679e-01 -1.375600000000000156e+00 -7.600000000000000089e-01
-6.384694874743250537e-02 -9.454467842927891108e-02 -4.000000000000000222e-01 -4.000000000000000222e-01
-5.838860512091204047e-02 -5.968018974400644827e-02 -4.000000000000000222e-01 -4.000000000000000222e-01
-8.341613346259892925e-01 4.736805168888415518e-01 -7.890658562411103638e-01 -1.999999999647575244e+00
-1.731941123814386696e-01 8.855815326566192081e-01 1.627617136227968442e-01 -6.291554503650861330e-01
-6.248140020415545587e-02 2.019327610234371573e+00 -3.827022852894040872e-01 -1.008903207485054798e+00
-7.803967810727731047e-01 5.346730812911488773e-01 -4.819158955005921063e-01 -6.213674473945468568e-01
-1.128998090739594229e+00 2.415244843765984584e-03 -7.682034252203058244e-01 -7.636671121118421279e-01
-2.263209041873754934e-01 -2.697391776020841014e-01 -1.999999999644684667e+00 1.504395988769781978e+00
-2.364008666109917445e-01 1.309647726650461808e+00 -4.994564601873314191e-01 -4.137608046983363291e-02
-1.991383756464418786e-01 -2.812599403333698733e-01 -1.010736055888019624e+00 5.312079426373831348e-01
-9.083281214635197109e-02 1.088840395089542668e+00 1.919216714272097557e-01 1.275672407483016690e-01
-9.043935022772494614e-01 7.359311578452989444e-01 -8.854281007854284402e-01 -8.852947726818640728e-01
0.000000000000000000e+00 0.000000000000000000e+00 0.000000000000000000e+00 0.000000000000000000e+00
0.000000000000000000e+00 0.000000000000000000e+00 0.000000000000000000e+00 0.000000000000000000e+00
0.000000000000000000e+00 0.000000000000000000e+00 0.000000000000000000e+00 0.000000000000000000e+00
0.000000000000000000e+00 0.000000000000000000e+00 0.000000000000000000e+00 0.000000000000000000e+00
0.000000000000000000e+00 0.000000000000000000e+00 0.000000000000000000e+00 0.000000000000000000e+00
0.000000000000000000e+00 0.000000000000000000e+00 0.000000000000000000e+00 0.000000000000000000e+00
0.000000000000000000e+00 0.000000000000000000e+00 0.000000000000000000e+00 0.000000000000000000e+00
0.000000000000000000e+00 0.000000000000000000e+00 0.000000000000000000e+00 0.000000000000000000e+00
0.000000000000000000e+00 0.000000000000000000e+00 0.000000000000000000e+00 0.000000000000000000e+00
0.000000000000000000e+00 0.000000000000000000e+00 0.000000000000000000e+00 0.000000000000000000e+00
0.000000000000000000e+00 0.000000000000000000e+00 0.000000000000000000e+00 0.000000000000000000e+00
0.000000000000000000e+00 0.000000000000000000e+00 0.000000000000000000e+00 0.000000000000000000e+00
0.000000000000000000e+00 0.000000000000000000e+00 0.000000000000000000e+00 0.000000000000000000e+00
0.000000000000000000e+00 0.000000000000000000e+00 0.000000000000000000e+00 0.000000000000000000e+00
0.000000000000000000e+00 0.000000000000000000e+00 0.000000000000000000e+00 0.000000000000000000e+00
-2.040000000000000036e+00 -2.588799999999999990e+00 -3.719947359999999037e+00 -1.177869982876964539e+00
0.000000000000000000e+00 0.000000000000000000e+00 -4.000000000000000222e-01 0.000000000000000000e+00
-4.000000000000000222e-01 -4.000000000000000222e-01 -4.000000000000000222e-01 2.395026631657850430e-02
-7.600000000000000089e-01 -7.600000000000000089e-01 -7.600000000000000089e-01 -4.026127930905148422e-01
0.000000000000000000e+00 0.000000000000000000e+00 0.000000000000000000e+00 0.000000000000000000e+00
-2.000000000000000000e+00 -3.999999997580509170e+00 -1.346170468128999431e+00 9.839172101338571341e-01
-1.199999999999999956e+00 -1.667200000000000237e+00 -6.112559109210665698e-01 1.064449771662965727e+00
-4.000000000000000222e-01 -4.000000000000000222e-01 -4.093464546570740326e-01 7.296118890837197668e-01
-7.600000000000000089e-01 -7.600000000000000089e-01 -6.976915034681859806e-01 3.440642433914353759e-01
-4.000000000000000222e-01 -4.000000000000000222e-01 -6.817704257249514177e-02 -7.159356924308769854e-02
0.000000000000000000e+00 0.000000000000000000e+00 0.000000000000000000e+00 0.000000000000000000e+00
0.000000000000000000e+00 0.000000000000000000e+00 0.000000000000000000e+00 0.000000000000000000e+00
0.000000000000000000e+00 0.000000000000000000e+00 0.000000000000000000e+00 0.000000000000000000e+00
0.000000000000000000e+00 0.000000000000000000e+00 0.000000000000000000e+00 0.000000000000000000e+00
0.000000000000000000e+00 0.000000000000000000e+00 0.000000000000000000e+00 0.000000000000000000e+00
0.000000000000000000e+00 0.000000000000000000e+00 0.000000000000000000e+00 0.000000000000000000e+00
0.000000000000000000e+00 0.000000000000000000e+00 0.000000000000000000e+00 0.000000000000000000e+00
0.000000000000000000e+00 0.000000000000000000e+00 0.000000000000000000e+00 0.000000000000000000e+00
0.000000000000000000e+00 0.000000000000000000e+00 0.000000000000000000e+00 0.000000000000000000e+00
0.000000000000000000e+00 0.000000000000000000e+00 0.000000000000000000e+00 0.000000000000000000e+00
-1.692681728582465350e+00 -1.794926132598806401e+00 -3.999999999999999112e+00 -1.889540013205171842e+00
-2.123792953120296478e-01 -2.092177119672341545e-01 -4.000000000000000222e-01 4.241179648828585780e-03
-3.241869399492443571e-01 -4.200704751144638815e-01 -1.084000000000000075e+00 -4.449252001557623126e-01
-7.617959262346752913e-01 -7.649111493226145031e-01 -7.600000000000000089e-01 -6.553116810656914870e-01
-1.000000000000000194e-02 -1.000000000000000194e-02 -4.000000000000000222e-01 -3.819552803542746594e-02
-1.999999999946188822e+00 -2.518246502230312434e-01 -4.195553077590410407e-01 1.015332605407081035e+00
-6.300242927706209972e-01 2.290353030790758249e-01 -1.277877599503408068e-01 9.048490656274978949e-01
-2.714155409940139929e-01 2.887118101086657562e-01 2.728006067890584863e-01 1.298863187371183336e+00
-1.019518840068353915e+00 -7.701179381862364171e-01 -1.031125006886762563e+00 9.555134821875891360e-01
-5.240060845709626491e-01 -6.629488614896866805e-01 -5.205520385209330136e-01 6.283633693631408557e-01
-1.376711248064067084e+00 -3.308800000000000630e+00 -2.617600000000000371e+00 -2.040000000000000036e+00
1.417675811913361894e+00 -4.000000000000000222e-01 -4.000000000000000222e-01 -4.000000000000000222e-01
0.000000000000000000e+00 0.000000000000000000e+00 0.000000000000000000e+00 0.000000000000000000e+00
-4.505973429744317138e-01 -1.084000000000000075e+00 -1.084000000000000075e+00 -1.084000000000000075e+00
-1.000000000000000194e-02 -4.000000000000000222e-01 0.000000000000000000e+00 0.000000000000000000e+00
5.662003497055270174e-01 -3.999999835439660423e+00 -1.646661731238795001e+00 -1.644102612416310283e+00
1.269517079359858913e+00 -1.120000000000000107e+00 2.905663202867414530e-01 -3.354621432460257457e-01
1.215178510798152534e+00 -4.000000000000000222e-01 -2.927621381900244457e-02 -2.970100000000000864e-02
5.474669065831362369e-01 -1.084000000000000075e+00 -8.444734272491551952e-01 -8.670272828903723417e-01
5.046030658894985477e-01 -7.600000000000000089e-01 -1.169456805229167756e-01 -1.160348465356445258e-01
-1.005439636201743259e+00 -3.999999999999995115e+00 -3.999999999999999112e+00 7.170711413533720213e-01
-5.392450085867181442e-02 -3.449039697133090332e+00 -1.638040000000000163e+00 9.949460013928045354e-01
7.433265519824541201e-01 -4.857778383606304873e-01 -1.375600000000000156e+00 3.035070774156221618e-01
-8.961391939128358075e-01 -1.091290000000000093e+00 -1.668391600405887409e+00 8.510008191053094473e-01
3.012550423882466299e-01 -4.000000000000000222e-01 -4.000000000000000222e-01 -1.154921282090484724e-01
-4.175959611953919404e-01 -1.999999999946560303e+00 -4.962229698853395932e-01 8.654752602997306532e-01
-6.901748857063072506e-02 -5.128855471419091483e-01 -3.104513906427197600e-01 9.700677802499031444e-01
-1.119044961969472007e-01 -2.782565203924978747e-01 -2.200545398300727540e-01 6.588848654077401612e-01
-2.453844316063659436e-01 -4.021176432284450097e-01 -6.500964158366692169e-01 9.109434388660476722e-01
-2.609579887785152819e-01 1.447926303487097499e+00 -6.763581600556445306e-01 -6.541998393476450291e-01
-1.014258522149535491e+00 -1.743839361564136103e+00 -3.999999999999999112e+00 -2.000000000000000000e+00
5.423731010348639137e-01 -9.750495166884158849e-01 -1.958800000000000097e+00 -4.000000000000000222e-01
1.046122760769653937e+00 -2.974803885828435357e-01 -4.000000000000000222e-01 -4.000000000000000222e-01
-3.936658854664798479e-02 -4.110962364190223761e-01 -7.600000000000000089e-01 -7.600000000000000089e-01
-1.000000000000000194e-02 -1.000000000000000194e-02 -4.000000000000000222e-01 0.000000000000000000e+00
-5.798598520954492130e-01 8.677639668966160569e-01 -9.514134676312369088e-01 -1.817138593592532603e+00
9.080281564821550688e-01 -6.971251521676219420e-02 -1.005322981511352076e-01 -4.827507219197721966e-01
1.082586932189252948e+00 -1.146368976561841085e-01 1.478189954967018271e-01 -5.720930624027691369e-01
-7.915828373448737798e-01 7.029284660738085444e-01 -7.312689038019050125e-01 -7.340931588312918921e-01
7.400308122283592027e-01 -5.524420497366231420e-01 -8.133001322887751794e-01 -5.040778337744640236e-01
-2.438092730425805432e-01 -1.133981006847492590e-01 -1.999999999946560303e+00 6.191780708088236995e-01
4.963466257542790971e-02 2.700093528532379605e-02 -9.957701094278192944e-01 1.227038036418131917e+00
1.045577092754400361e+00 -6.408018078220878433e-02 -4.294039900000000687e-01 -5.734353947070960217e-02
-5.603632817877655103e-01 -3.525050775104989209e-01 -1.391352503835395993e+00 4.890341502542198127e-01
8.228028167704419804e-01 -4.919120120804154617e-01 -4.872075296558426305e-01 -4.930300174126103774e-01
0.000000000000000000e+00 0.000000000000000000e+00 0.000000000000000000e+00 0.000000000000000000e+00
0.000000000000000000e+00 0.000000000000000000e+00 0.000000000000000000e+00 0.000000000000000000e+00
0.000000000000000000e+00 0.000000000000000000e+00 0.000000000000000000e+00 0.000000000000000000e+00
0.000000000000000000e+00 0.000000000000000000e+00 0.000000000000000000e+00 0.000000000000000000e+00
0.000000000000000000e+00 0.000000000000000000e+00 0.000000000000000000e+00 0.000000000000000000e+00
0.000000000000000000e+00 0.000000000000000000e+00 0.000000000000000000e+00 0.000000000000000000e+00
0.000000000000000000e+00 0.000000000000000000e+00 0.000000000000000000e+00 0.000000000000000000e+00
0.000000000000000000e+00 0.000000000000000000e+00 0.000000000000000000e+00 0.000000000000000000e+00
0.000000000000000000e+00 0.000000000000000000e+00 0.000000000000000000e+00 0.000000000000000000e+00
0.000000000000000000e+00 0.000000000000000000e+00 0.000000000000000000e+00 0.000000000000000000e+00
-4.000000000000000222e-01 -7.600000000000000089e-01 7.749756771300415625e-01 0.000000000000000000e+00
-4.000000000000000222e-01 -7.600000000000000089e-01 4.062539275512438763e+00 0.000000000000000000e+00
-4.000000000000000222e-01 -4.000000000000000222e-01 3.046747590511423298e-01 0.000000000000000000e+00
0.000000000000000000e+00 0.000000000000000000e+00 0.000000000000000000e+00 0.000000000000000000e+00
0.000000000000000000e+00 0.000000000000000000e+00 0.000000000000000000e+00 0.000000000000000000e+00
0.000000000000000000e+00 0.000000000000000000e+00 0.000000000000000000e+00 0.000000000000000000e+00
0.000000000000000000e+00 0.000000000000000000e+00 0.000000000000000000e+00 0.000000000000000000e+00
0.000000000000000000e+00 0.000000000000000000e+00 0.000000000000000000e+00 0.000000000000000000e+00
0.000000000000000000e+00 0.000000000000000000e+00 0.000000000000000000e+00 0.000000000000000000e+00
0.000000000000000000e+00 0.000000000000000000e+00 0.000000000000000000e+00 0.000000000000000000e+00
-2.000000000000000000e+00 -3.872005198643200252e+00 3.830509400448665502e+00 2.750318536212969719e-02
-4.000000000000000222e-01 -4.000000000000000222e-01 3.193012179044033338e+00 0.000000000000000000e+00
-4.000000000000000222e-01 -4.000000000000000222e-01 3.299445856316189918e+00 0.000000000000000000e+00
-4.000000000000000222e-01 0.000000000000000000e+00 0.000000000000000000e+00 0.000000000000000000e+00
-4.000000000000000222e-01 -4.000000000000000222e-01 1.361215515356289263e+00 0.000000000000000000e+00
0.000000000000000000e+00 0.000000000000000000e+00 0.000000000000000000e+00 0.000000000000000000e+00
0.000000000000000000e+00 0.000000000000000000e+00 0.000000000000000000e+00 0.000000000000000000e+00
0.000000000000000000e+00 0.000000000000000000e+00 0.000000000000000000e+00 0.000000000000000000e+00
0.000000000000000000e+00 0.000000000000000000e+00 0.000000000000000000e+00 0.000000000000000000e+00
0.000000000000000000e+00 0.000000000000000000e+00 0.000000000000000000e+00 0.000000000000000000e+00
-1.959037859144421301e-01 3.474149182065386920e-01 -3.088590211185071044e-01 -3.740692000000000128e+00
-1.866762561494779774e-02 6.089729817557958808e-02 3.306676763571636535e+00 -4.000000000000000222e-01
8.187758659028031571e-01 2.909958862140633040e-01 0.000000000000000000e+00 -4.000000000000000222e-01
-1.241906767645080747e-02 1.401803790437087249e-01 0.000000000000000000e+00 0.000000000000000000e+00
-7.318879222970416099e-02 -4.319052849864126742e-01 -6.982749829198461877e-02 -4.000000000000000222e-01
0.000000000000000000e+00 0.000000000000000000e+00 0.000000000000000000e+00 0.000000000000000000e+00
0.000000000000000000e+00 0.000000000000000000e+00 0.000000000000000000e+00 0.000000000000000000e+00
0.000000000000000000e+00 0.000000000000000000e+00 0.000000000000000000e+00 0.000000000000000000e+00
0.000000000000000000e+00 0.000000000000000000e+00 0.000000000000000000e+00 0.000000000000000000e+00
0.000000000000000000e+00 0.000000000000000000e+00 0.000000000000000000e+00 0.000000000000000000e+00
-8.937500000000000999e-02 7.542951442648762050e-01 4.260570465224504666e+00 5.525321303581824939e-01
-6.554285066097224888e-02 1.194433015278687504e+00 3.032905976854853858e+00 1.735409924769177048e-01
-2.383027390000000412e-02 8.546539640046043607e-01 3.354252657261468595e+00 5.432874496540025522e-01
-1.354635910000000221e-02 -4.148202669252039343e-02 4.190605699216136237e+00 0.000000000000000000e+00
-4.955560073660185139e-01 -4.885617246258989188e-01 2.502097316458953280e+00 -4.892768440896601567e-01
1.520356034020775571e-01 0.000000000000000000e+00 0.000000000000000000e+00 -1.199999999999999956e+00
0.000000000000000000e+00 0.000000000000000000e+00 0.000000000000000000e+00 0.000000000000000000e+00
0.000000000000000000e+00 0.000000000000000000e+00 0.000000000000000000e+00 0.000000000000000000e+00
0.000000000000000000e+00 0.000000000000000000e+00 0.000000000000000000e+00 0.000000000000000000e+00
0.000000000000000000e+00 0.000000000000000000e+00 0.000000000000000000e+00 0.000000000000000000e+00
5.812770554635571241e-01 -3.998534448974999211e+00 4.044760589580593368e+00 -3.349719040000000980e+00
1.588100634222686214e+00 -2.999851517464850126e+00 3.862819823506395966e+00 -1.120000000000000107e+00
4.573456530789087315e-01 -2.086812400000000345e+00 3.438692705639734726e+00 0.000000000000000000e+00
5.324173747420320874e-02 -1.179100000000000287e-02 -1.853518865393951470e-02 -1.990000000000000449e-02
-1.313980350131540020e-01 -1.522614642281184816e-01 2.070156853370511030e+00 -4.000000000000000222e-01
6.708313632018637618e-01 -7.600000000000000089e-01 -1.406384575652860347e-01 -1.412142673767503853e-01
3.205290381251450493e-01 0.000000000000000000e+00 0.000000000000000000e+00 0.000000000000000000e+00
0.000000000000000000e+00 0.000000000000000000e+00 0.000000000000000000e+00 0.000000000000000000e+00
0.000000000000000000e+00 0.000000000000000000e+00 0.000000000000000000e+00 0.000000000000000000e+00
0.000000000000000000e+00 0.000000000000000000e+00 0.000000000000000000e+00 0.000000000000000000e+00
1.278376415443379654e+00 -9.387500000000001399e-02 3.454316076646875455e+00 1.131457708376768095e-01
1.162931549514259366e+00 -1.811640447172754298e-01 3.233679397793108201e+00 4.931106856087736912e-01
6.897269944766728500e-01 -1.433230129000000186e-02 3.532453938722295739e+00 4.814887131903379247e-01
-1.892895093067445966e-01 8.232753770059633158e-01 -2.021646828280974084e-01 -1.533927991483811926e-01
-6.603621001285827630e-01 -6.326626576368417076e-01 -8.302187757063571594e-01 -6.349092239719944519e-01
-2.156433333372464317e-02 9.481154973403979613e-02 -1.199999999999999956e+00 -3.012160000000000615e+00
-9.564913418862450167e-02 6.093461370513932884e-01 -4.000000000000000222e-01 -4.000000000000000222e-01
-8.445918736270714711e-03 4.176284223998875111e-01 -4.000000000000000222e-01 -4.000000000000000222e-01
1.343210478470449054e+00 -1.129310483975662222e-01 -4.000000000000000222e-01 -4.000000000000000222e-01
-4.588063707673563085e-01 -4.394351727030638144e-01 -7.600000000000000089e-01 -7.600000000000000089e-01
7.306802762055026879e-01 6.975721009761215452e-01 4.339839978565084522e+00 3.000417676728947547e-01
4.496897952112758889e-01 7.969280005315746429e-01 3.146063598648573212e+00 1.551087607468512042e+00
1.719486575600913114e-01 4.838755006277443704e-01 4.207617993991367378e+00 0.000000000000000000e+00
4.002028260365144141e-01 -5.153924500259635111e-02 4.615644339816257435e+00 0.000000000000000000e+00
-5.982245467715319176e-01 -6.542292345550781985e-01 2.202051067264550355e+00 -5.989899658544544092e-01
6.559783714457101400e-01 -4.849675202384218231e-03 0.000000000000000000e+00 1.006830152721931437e-01
-5.290037115950885216e-03 9.725920682695702313e-01 -2.457268498682007585e-01 -2.428092519687987116e-01
-3.131486021966935207e-02 1.291282004486237645e+00 -3.763090000000000879e-02 -4.294039900000000687e-01
-2.303890424330692355e-01 -1.164126879065533471e-01 -2.296471483876802999e-01 -2.370757630986137787e-01
-9.101490662632850670e-01 -7.783779474099976614e-01 -8.722967818749685076e-01 -8.747799787407402050e-01
0.000000000000000000e+00 0.000000000000000000e+00 0.000000000000000000e+00 0.000000000000000000e+00
0.000000000000000000e+00 0.000000000000000000e+00 0.000000000000000000e+00 0.000000000000000000e+00
0.000000000000000000e+00 0.000000000000000000e+00 0.000000000000000000e+00 0.000000000000000000e+00
0.000000000000000000e+00 0.000000000000000000e+00 0.000000000000000000e+00 0.000000000000000000e+00
0.000000000000000000e+00 0.000000000000000000e+00 0.000000000000000000e+00 0.000000000000000000e+00
0.000000000000000000e+00 0.000000000000000000e+00 0.000000000000000000e+00 0.000000000000000000e+00
0.000000000000000000e+00 0.000000000000000000e+00 0.000000000000000000e+00 0.000000000000000000e+00
0.000000000000000000e+00 0.000000000000000000e+00 0.000000000000000000e+00 0.000000000000000000e+00
0.000000000000000000e+00 0.000000000000000000e+00 0.000000000000000000e+00 0.000000000000000000e+00
0.000000000000000000e+00 0.000000000000000000e+00 0.000000000000000000e+00 0.000000000000000000e+00
-2.991999999999999993e+00 -1.600000000000000089e+00 -2.172174822873716160e-01 -2.823999999999999844e+00
-4.000000000000000222e-01 -4.000000000000000222e-01 1.373421522658578864e+00 -1.120000000000000107e+00
-4.000000000000000222e-01 -4.000000000000000222e-01 1.308261213907861320e+00 -4.000000000000000222e-01
-4.000000000000000222e-01 -4.000000000000000222e-01 6.995970124809305357e-01 -4.000000000000000222e-01
-7.600000000000000089e-01 -7.600000000000000089e-01 -4.945573524350288519e-01 -7.600000000000000089e-01
0.000000000000000000e+00 0.000000000000000000e+00 0.000000000000000000e+00 0.000000000000000000e+00
0.000000000000000000e+00 0.000000000000000000e+00 0.000000000000000000e+00 0.000000000000000000e+00
0.000000000000000000e+00 0.000000000000000000e+00 0.000000000000000000e+00 0.000000000000000000e+00
0.000000000000000000e+00 0.000000000000000000e+00 0.000000000000000000e+00 0.000000000000000000e+00
0.000000000000000000e+00 0.000000000000000000e+00 0.000000000000000000e+00 0.000000000000000000e+00
-3.999999999999999112e+00 -2.000000000000000000e+00 6.751135528402234520e-01 2.301509119841658318e-02
-1.667200000000000237e+00 -8.000000000000000444e-01 4.548920610037513468e-01 -6.875269305000001330e-01
-7.600000000000000089e-01 -4.000000000000000222e-01 1.341745443386772874e-01 0.000000000000000000e+00
-4.000000000000000222e-01 -4.000000000000000222e-01 1.550295321733985432e+00 -4.352359900000000725e-01
-1.084000000000000075e+00 -1.084000000000000075e+00 -9.324062052058406103e-01 -9.094079211976020538e-01
-1.199999999999999956e+00 -1.774206938879417661e-01 -1.199999999999999956e+00 -2.823999999999999844e+00
-4.000000000000000222e-01 -4.017999999999999905e-01 0.000000000000000000e+00 0.000000000000000000e+00
0.000000000000000000e+00 0.000000000000000000e+00 0.000000000000000000e+00 0.000000000000000000e+00
0.000000000000000000e+00 0.000000000000000000e+00 0.000000000000000000e+00 0.000000000000000000e+00
-1.084000000000000075e+00 -8.104584291137544305e-01 -7.600000000000000089e-01 -7.600000000000000089e-01
-3.999999999999894751e+00 5.588520548360990103e-01 7.200084639136832276e-01 -3.999999999593466971e+00
-2.775559936000000505e+00 8.757897598919768267e-01 1.557803484940101235e-02 -3.578334961470158504e+00
-5.215232633294828446e-01 -5.200633906116893801e-01 4.291860910050776523e-02 -7.600000000000000089e-01
-7.600000000000000089e-01 -9.896323100153711638e-02 1.042790079995151942e+00 -6.145939979244479101e-01
-1.311833822267979288e+00 -1.273144586290920977e+00 -9.108380104035928015e-01 -1.454366006402943334e+00
-3.999999999999998224e+00 2.027620584091736344e-01 -1.270034753368662006e+00 -8.074070832623974070e-01
-4.000000000000000222e-01 -1.285667040354691038e-01 -7.846835697272282195e-02 -7.846835697272282195e-02
-4.000000000000000222e-01 2.302926355946310899e+00 0.000000000000000000e+00 0.000000000000000000e+00
-4.000000000000000222e-01 -4.829791713228132749e-02 -2.970100000000000864e-02 -2.970100000000000864e-02
-1.084000000000000075e+00 -1.087315234104434758e+00 -1.038674724378715997e+00 -1.076855187387866675e+00
-4.154166493877594624e-01 2.343823655231673797e-01 7.849506523081515308e-01 1.765404990517234207e-01
1.285459615834708691e+00 -1.621177016020985406e-01 -1.717790687932849725e-01 -1.695471261555506759e-01
-5.164858414523786356e-01 -5.218250925253724581e-01 -1.759569176858551964e-01 -7.988498168781807962e-01
-4.425670959930099735e-01 -7.215719142372802042e-02 8.568314771439318189e-01 -4.402485100399322615e-01
-1.581363515979528511e+00 3.011530935508446305e-01 -1.562225549725931417e+00 -1.560689147458772963e+00
0.000000000000000000e+00 0.000000000000000000e+00 0.000000000000000000e+00 0.000000000000000000e+00
0.000000000000000000e+00 0.000000000000000000e+00 0.000000000000000000e+00 0.000000000000000000e+00
0.000000000000000000e+00 0.000000000000000000e+00 0.000000000000000000e+00 0.000000000000000000e+00
0.000000000000000000e+00 0.000000000000000000e+00 0.000000000000000000e+00 0.000000000000000000e+00
0.000000000000000000e+00 0.000000000000000000e+00 0.000000000000000000e+00 0.000000000000000000e+00
-5.068180663458204949e-01 -5.062836530951506653e-01 8.558523446424112224e-01 -3.999999978800696354e+00
9.428463249040646144e-01 -4.584193125226784238e-01 2.784401316633927093e-01 -2.450318044000000306e+00
-3.274307727302103177e-01 -5.125196288492788188e-01 -1.440267891992503546e-01 -7.600000000000000089e-01
-1.905716991535176263e-01 -1.875297573086221192e-01 8.294165505637406399e-01 -7.600000000000000089e-01
-9.947312102960292890e-01 -9.965773239249471338e-01 -8.718483490012112203e-01 -1.084000000000000075e+00
0.000000000000000000e+00 0.000000000000000000e+00 0.000000000000000000e+00 0.000000000000000000e+00
0.000000000000000000e+00 0.000000000000000000e+00 0.000000000000000000e+00 0.000000000000000000e+00
0.000000000000000000e+00 0.000000000000000000e+00 0.000000000000000000e+00 0.000000000000000000e+00
0.000000000000000000e+00 0.000000000000000000e+00 0.000000000000000000e+00 0.000000000000000000e+00
0.000000000000000000e+00 0.000000000000000000e+00 0.000000000000000000e+00 0.000000000000000000e+00
-2.026369243249866725e-01 -1.999999998621458719e+00 9.711441208355235943e-01 -3.141371546573628049e-01
-3.850026295652327901e-01 -7.239924799784311915e-01 -3.836700713233054949e-01 7.206112498004935141e-01
-3.367527950644957357e-01 -4.294039900000000687e-01 -2.062729705398697599e-01 -4.635621148686093207e-01
-7.787521295726459458e-01 -9.136628506067354660e-01 5.549578972339107574e-01 -6.529764146064375163e-01
-1.461383202935529591e+00 -1.461295131946510395e+00 -1.530950910085683514e+00 2.334764887548348433e-01
-1.129696790420803953e+00 6.171869805082552674e-01 -2.000000000000000000e+00 -3.999999996931591362e+00
-1.396335629122471833e-01 5.018598619429461838e-01 -4.000000000000000222e-01 -1.667200000000000237e+00
-3.622160738066005359e-01 -6.481725895014026628e-01 -7.600000000000000089e-01 -7.600000000000000089e-01
1.727014141793930868e+00 8.729277471356294837e-03 -4.000000000000000222e-01 -1.084000000000000075e+00
-6.901390657772720205e-01 -7.084986830854643758e-01 -7.600000000000000089e-01 -7.600000000000000089e-01
2.448762900095125539e-01 9.974192231686442867e-01 2.464236146395177018e-01 -1.149881907614616949e+00
-7.883573143795636895e-01 8.710007284788272575e-01 -4.363229790889845972e-01 -5.136369904278523801e-01
-6.176629764300921588e-01 -7.227049603659618793e-01 -6.883503391492458157e-01 -6.984921596874901772e-02
-5.441920076678996576e-02 -9.107086235524949891e-02 7.108259500241083106e-01 -8.971259258136886627e-01
-1.544000509943159516e+00 3.013487583506118117e-01 -1.552667886280040044e+00 -1.573864115544966413e+00
-4.229501372980272733e-01 1.034264365088818582e+00 -1.999999998602453921e+00 -4.235377090858228888e-01
-2.215514458615635007e-01 8.819141625962954034e-01 -6.308510850195699904e-01 -2.212328474898009878e-01
-6.532218566415168848e-01 6.040530225960134836e-02 -5.819233110732433545e-01 -3.801625786885439173e-01
6.254875902704966073e-01 -1.189842941585446817e-01 -5.973767182949546450e-01 4.958761128391751538e-01
-1.549151730393300674e+00 2.890896873560661051e-01 -1.346470478676043747e+00 -1.349417840114013556e+00
0.000000000000000000e+00 0.000000000000000000e+00 0.000000000000000000e+00 0.000000000000000000e+00
0.000000000000000000e+00 0.000000000000000000e+00 0.000000000000000000e+00 0.000000000000000000e+00
0.000000000000000000e+00 0.000000000000000000e+00 0.000000000000000000e+00 0.000000000000000000e+00
0.000000000000000000e+00 0.000000000000000000e+00 0.000000000000000000e+00 0.000000000000000000e+00
0.000000000000000000e+00 0.000000000000000000e+00 0.000000000000000000e+00 0.000000000000000000e+00
0.000000000000000000e+00 0.000000000000000000e+00 0.000000000000000000e+00 0.000000000000000000e+00
0.000000000000000000e+00 0.000000000000000000e+00 0.000000000000000000e+00 0.000000000000000000e+00
0.000000000000000000e+00 0.000000000000000000e+00 0.000000000000000000e+00 0.000000000000000000e+00
0.000000000000000000e+00 0.000000000000000000e+00 0.000000000000000000e+00 0.000000000000000000e+00
0.000000000000000000e+00 0.000000000000000000e+00 0.000000000000000000e+00 0.000000000000000000e+00
-1.199999999999999956e+00 -2.208000000000000185e+00 -9.481216620707946796e-02 -1.199999999999999956e+00
-1.084000000000000075e+00 -1.084000000000000075e+00 -1.004707062952023833e+00 -1.084000000000000075e+00
-4.000000000000000222e-01 -4.000000000000000222e-01 2.815266666782780258e-01 -4.000000000000000222e-01
-4.000000000000000222e-01 -4.000000000000000222e-01 -1.315080408201380058e-02 -4.000000000000000222e-01
-1.084000000000000075e+00 -1.084000000000000075e+00 -1.006824385375513442e+00 -1.084000000000000075e+00
0.000000000000000000e+00 0.000000000000000000e+00 0.000000000000000000e+00 0.000000000000000000e+00
0.000000000000000000e+00 0.000000000000000000e+00 0.000000000000000000e+00 0.000000000000000000e+00
0.000000000000000000e+00 0.000000000000000000e+00 0.000000000000000000e+00 0.000000000000000000e+00
0.000000000000000000e+00 0.000000000000000000e+00 0.000000000000000000e+00 0.000000000000000000e+00
0.000000000000000000e+00 0.000000000000000000e+00 0.000000000000000000e+00 0.000000000000000000e+00
-2.000000000000000000e+00 -3.999982846089729982e+00 8.468424186313452395e-01 -9.370844450320041652e-01
-1.199999999999999956e+00 -1.926400000000000112e+00 -5.157091061134457810e-01 5.753820356994465701e-01
-4.000000000000000222e-01 -7.600000000000000089e-01 -5.926945151967317749e-01 7.550158590617375154e-01
-4.000000000000000222e-01 -4.000000000000000222e-01 8.630770600384323199e-01 -2.538162360033942022e-01
-1.375600000000000156e+00 -1.375600000000000156e+00 -1.047211251540755228e+00 -1.450209963600170626e+00
0.000000000000000000e+00 0.000000000000000000e+00 0.000000000000000000e+00 0.000000000000000000e+00
0.000000000000000000e+00 0.000000000000000000e+00 0.000000000000000000e+00 0.000000000000000000e+00
0.000000000000000000e+00 0.000000000000000000e+00 0.000000000000000000e+00 0.000000000000000000e+00
0.000000000000000000e+00 0.000000000000000000e+00 0.000000000000000000e+00 0.000000000000000000e+00
0.000000000000000000e+00 0.000000000000000000e+00 0.000000000000000000e+00 0.000000000000000000e+00
-8.449667215144356369e-01 -6.828526291872430987e-01 6.951427214419781953e-01 -3.999862394765225204e+00
-3.697804608174676821e-01 -3.675411267248738789e-01 1.638608657701740690e+00 -1.375600000000000156e+00
-3.253906245929462648e-01 -6.326403150497196259e-01 9.288898910254029806e-01 -1.084000000000000075e+00
-5.601598906701750202e-01 -5.588081763716555850e-01 1.098781466346878011e+00 -1.084000000000000075e+00
-1.105812085146683277e+00 -1.105225347714875905e+00 -5.581204483534663030e-01 -1.375600000000000156e+00
0.000000000000000000e+00 0.000000000000000000e+00 0.000000000000000000e+00 0.000000000000000000e+00
0.000000000000000000e+00 0.000000000000000000e+00 0.000000000000000000e+00 0.000000000000000000e+00
0.000000000000000000e+00 0.000000000000000000e+00 0.000000000000000000e+00 0.000000000000000000e+00
0.000000000000000000e+00 0.000000000000000000e+00 0.000000000000000000e+00 0.000000000000000000e+00
0.000000000000000000e+00 0.000000000000000000e+00 0.000000000000000000e+00 0.000000000000000000e+00
-1.999999999999954703e+00 -9.322404494996682223e-01 1.208265859058351266e+00 -1.854814595003899669e+00
-1.005777810408613693e+00 -2.073805677610486842e-01 8.792965174792453098e-01 -1.402771441141407172e-01
-8.925792215841451549e-01 8.825047102304567348e-02 7.977384028841750796e-01 -7.813210691115302087e-02
-9.121795849626357366e-01 -6.630369085760482450e-01 8.403620513604632691e-01 -6.102663737049084380e-01
-1.710735601150442431e+00 -1.517855519365990613e+00 2.597598607623162192e-01 -1.640645657694174364e+00
4.673945405247112439e-01 -8.000000000000000444e-01 -8.000000000000000444e-01 -8.000000000000000444e-01
1.887954007176705362e+00 -4.000000000000000222e-01 -4.000000000000000222e-01 -7.600000000000000089e-01
1.325447052679575854e+00 -4.000000000000000222e-01 -4.000000000000000222e-01 -4.000000000000000222e-01
-4.151522814955663221e-02 -4.000000000000000222e-01 -4.000000000000000222e-01 -4.000000000000000222e-01
-6.482669234710780604e-01 -1.084000000000000075e+00 -1.084000000000000075e+00 -1.084000000000000075e+00
-1.152937473906800125e+00 -3.999997295318313384e+00 1.003344310771866255e+00 -3.999999999185302357e+00
1.630703679540229656e+00 -1.603481127987171018e+00 -3.025892839122884537e-02 -3.943742524288327722e+00
7.091074483911012916e-01 -4.267309000000000241e-01 -5.929515955000232985e-01 -4.000000000000000222e-01
1.956905380844434772e-01 -1.917712702865179697e+00 1.153091735461073908e+00 -8.471096115546359329e-01
4.937955051889118541e-01 -1.608498901629484390e+00 -1.498916542328208257e+00 -1.643944900000000153e+00
-1.199957558026545135e+00 -3.993256619489478076e+00 -6.354644373219285880e-01 -8.459682605774755393e-01
9.208963357023512986e-01 -2.469449920000000187e+00 -3.906767211666808404e-01 -2.356092993587072526e-01
1.276642769827068369e+00 -4.000000000000000222e-01 -8.678959133498558021e-02 -8.467717870368073052e-02
7.251151657298393616e-03 -1.084000000000000075e+00 -5.175204029408948525e-01 -5.217211299499604493e-01
-6.153257223575878676e-01 -1.084000000000000075e+00 -8.851634327608187691e-01 -8.800503196314480858e-01
5.919999807968298611e-02 -1.999999999999954925e+00 1.044002769620844484e+00 -1.066152591444225750e-01
1.422976400189858603e+00 -5.851803883568876818e-01 -4.027246523070737716e-03 -1.899927700722978119e-02
1.595914971012987404e+00 -9.646053791179934889e-01 -3.603941136614365326e-01 -1.125559082690146262e-01
-6.005894749439197877e-01 -8.713605022608876816e-01 5.127773616799846668e-01 -1.011798361631362608e+00
-2.136738189720360559e+00 -1.933983814021403180e+00 4.798202116367960568e-01 -1.833437308151864675e+00
1.028663671884660680e+00 -4.246076307683028239e-01 -2.000000000000000000e+00 -3.999667458681720689e+00
1.005094277956123605e+00 -3.430894093496860142e-01 -8.000000000000000444e-01 -1.900480000000000391e+00
-8.101854185235934924e-02 7.286948455465326324e-01 -4.000000000000000222e-01 -4.000000000000000222e-01
-4.652228203419664920e-01 1.323924392215502843e+00 -7.600000000000000089e-01 -7.600000000000000089e-01
5.495626090144534182e-01 -1.052695363313306487e+00 -1.084000000000000075e+00 -1.084000000000000075e+00
6.983455140321487287e-02 -2.700472933832798184e-03 1.054194385133281564e+00 -1.999999999999954259e+00
1.067101039482551750e+00 2.542907672271867980e-01 4.593253141012649809e-01 -5.723436075262048339e-01
-5.858200883352021604e-02 -4.164879794737407215e-01 8.807390534969594675e-01 -5.555676355172441960e-01
-5.539478360595858630e-01 -2.078790056324333613e-01 1.003387767748978643e+00 -4.373808001095591536e-01
-1.567856095466029220e+00 -1.347204115042638373e+00 1.111072346548886536e+00 -1.524371092495764302e+00
8.040036639414689379e-01 -1.361438520978189182e+00 -6.730305081191867433e-01 -1.511702862824980897e+00
1.050764726030774865e+00 -3.706309184519018807e-01 -6.965670718782569493e-01 -5.172463761968567608e-01
1.270430567660501886e+00 -6.141702499088638745e-02 -1.044633826710363644e+00 1.844293422329474352e-01
-6.545591583803229696e-01 7.643318834589125643e-01 -9.540734148474172560e-01 -3.338973897388176626e-01
-1.583021506042757931e+00 -1.642202203667693539e+00 -1.541737428108978181e+00 -4.521822448917747761e-01
0.000000000000000000e+00 0.000000000000000000e+00 0.000000000000000000e+00 0.000000000000000000e+00
0.000000000000000000e+00 0.000000000000000000e+00 0.000000000000000000e+00 0.000000000000000000e+00
0.000000000000000000e+00 0.000000000000000000e+00 0.000000000000000000e+00 0.000000000000000000e+00
0.000000000000000000e+00 0.000000000000000000e+00 0.000000000000000000e+00 0.000000000000000000e+00
0.000000000000000000e+00 0.000000000000000000e+00 0.000000000000000000e+00 0.000000000000000000e+00
0.000000000000000000e+00 0.000000000000000000e+00 0.000000000000000000e+00 0.000000000000000000e+00
0.000000000000000000e+00 0.000000000000000000e+00 0.000000000000000000e+00 0.000000000000000000e+00
0.000000000000000000e+00 0.000000000000000000e+00 0.000000000000000000e+00 0.000000000000000000e+00
0.000000000000000000e+00 0.000000000000000000e+00 0.000000000000000000e+00 0.000000000000000000e+00
0.000000000000000000e+00 0.000000000000000000e+00 0.000000000000000000e+00 0.000000000000000000e+00
-1.199999999999999956e+00 -4.000000000000000222e-01 -4.215590980155049794e-02 -1.600000000000000089e+00
-4.000000000000000222e-01 0.000000000000000000e+00 0.000000000000000000e+00 0.000000000000000000e+00
0.000000000000000000e+00 0.000000000000000000e+00 0.000000000000000000e+00 0.000000000000000000e+00
0.000000000000000000e+00 0.000000000000000000e+00 0.000000000000000000e+00 0.000000000000000000e+00
0.000000000000000000e+00 0.000000000000000000e+00 0.000000000000000000e+00 0.000000000000000000e+00
0.000000000000000000e+00 0.000000000000000000e+00 0.000000000000000000e+00 0.000000000000000000e+00
0.000000000000000000e+00 0.000000000000000000e+00 0.000000000000000000e+00 0.000000000000000000e+00
0.000000000000000000e+00 0.000000000000000000e+00 0.000000000000000000e+00 0.000000000000000000e+00
0.000000000000000000e+00 0.000000000000000000e+00 0.000000000000000000e+00 0.000000000000000000e+00
0.000000000000000000e+00 0.000000000000000000e+00 0.000000000000000000e+00 0.000000000000000000e+00
-3.999993675446638086e+00 -2.000000000000000000e+00 -9.405505090127195267e-01 4.752531631898715414e-02
-4.000000000000000222e-01 -4.000000000000000222e-01 -2.201995865793698534e-02 -8.667505854829565468e-03
-4.000000000000000222e-01 -4.000000000000000222e-01 -6.565378734038300468e-02 2.340068374982395005e-01
-4.000000000000000222e-01 -4.000000000000000222e-01 0.000000000000000000e+00 0.000000000000000000e+00
-4.000000000000000222e-01 -4.000000000000000222e-01 -5.999898097833466365e-02 -6.056662215438762126e-02
-1.760000000000000009e+00 3.053027951775658444e+00 -4.000000000000000222e-01 -4.000000000000000222e-01
-4.000000000000000222e-01 7.577795859254830013e-01 0.000000000000000000e+00 0.000000000000000000e+00
-4.000000000000000222e-01 5.333624307141486831e-01 0.000000000000000000e+00 0.000000000000000000e+00
0.000000000000000000e+00 0.000000000000000000e+00 0.000000000000000000e+00 0.000000000000000000e+00
0.000000000000000000e+00 0.000000000000000000e+00 0.000000000000000000e+00 0.000000000000000000e+00
-3.997560987951922939e+00 2.682039566469358594e+00 4.841014447062567672e-01 -3.993449927675967182e+00
-4.000000000000000222e-01 2.887146801966582021e+00 6.700794592173733299e-01 -2.086812400000000345e+00
-7.707460000000001532e-01 4.516502949216607554e+00 -2.748087967824041078e-01 -1.638040000000000163e+00
-4.000000000000000222e-01 3.408484795786848487e+00 2.239182991931240596e-01 -2.982079713708359753e-02
-4.000000000000000222e-01 -1.000000000000000194e-02 -7.572446870999383073e-02 -3.217275220220366938e-02
-3.999277193901528360e+00 2.571820240589723028e+00 -3.857760496568470865e-01 4.128214910550442318e-01
-1.120000000000000107e+00 3.435657276900808466e+00 0.000000000000000000e+00 0.000000000000000000e+00
-7.600000000000000089e-01 -4.011819047885839540e-01 1.552235440652399490e+00 -1.000000000000000194e-02
0.000000000000000000e+00 0.000000000000000000e+00 0.000000000000000000e+00 0.000000000000000000e+00
-4.000000000000000222e-01 -2.191071490316527648e-02 -4.960000000000000520e-02 -5.059021982378523324e-02
-5.661038914613328865e-01 3.886708164356412976e+00 -6.835969326192163631e-02 8.511681232456888013e-01
-8.685743289400002509e-02 3.486231995654414106e+00 5.959055305738470976e-01 4.395758792567936446e-01
-9.561792499119553534e-02 3.391472247122558681e+00 7.935877288697448240e-01 4.536387684654993868e-01
-5.212541872310217927e-01 2.999470262546995336e+00 1.454810457982964600e+00 5.861169932679198835e-01
-4.199700100000000047e-01 -3.880317756897879167e-01 -3.784087896357654079e-01 -4.390914273137630497e-01
0.000000000000000000e+00 0.000000000000000000e+00 0.000000000000000000e+00 0.000000000000000000e+00
0.000000000000000000e+00 0.000000000000000000e+00 0.000000000000000000e+00 0.000000000000000000e+00
0.000000000000000000e+00 0.000000000000000000e+00 0.000000000000000000e+00 0.000000000000000000e+00
0.000000000000000000e+00 0.000000000000000000e+00 0.000000000000000000e+00 0.000000000000000000e+00
0.000000000000000000e+00 0.000000000000000000e+00 0.000000000000000000e+00 0.000000000000000000e+00
-2.408024797585471832e-01 -2.400921344833472082e-01 3.238669305373057528e-01 -3.567819999999999325e+00
-5.851985059900002145e-02 -6.621422463910001110e-02 6.906419079278598439e-01 -4.000000000000000222e-01
-1.000000000000000194e-02 -1.000000000000000194e-02 -6.729044737560323231e-02 -4.000000000000000222e-01
-4.950249375625000864e-02 -4.950249375625000864e-02 1.017531524570650797e-01 -4.000000000000000222e-01
-5.925498128746875537e-02 -5.925498128746875537e-02 -1.777204347340517396e-02 -4.000000000000000222e-01
0.000000000000000000e+00 0.000000000000000000e+00 0.000000000000000000e+00 0.000000000000000000e+00
0.000000000000000000e+00 0.000000000000000000e+00 0.000000000000000000e+00 0.000000000000000000e+00
0.000000000000000000e+00 0.000000000000000000e+00 0.000000000000000000e+00 0.000000000000000000e+00
0.000000000000000000e+00 0.000000000000000000e+00 0.000000000000000000e+00 0.000000000000000000e+00
0.000000000000000000e+00 0.000000000000000000e+00 0.000000000000000000e+00 0.000000000000000000e+00
-1.336697298475867934e-01 -1.270644203329238664e+00 3.841399723679436162e-01 -4.323987150440616323e-01
-2.744240191068597068e-01 -2.784148785260525116e-01 -3.053029162373390171e-01 6.837270655641454198e-01
-2.020499374829411166e-01 -2.073775634086494069e-01 1.045041145981889130e+00 -2.166905746284630285e-01
-6.760651760702501845e-02 -4.381366810000000833e-01 1.025800999479372866e+00 -8.442196021189049548e-02
-4.352543580073811591e-01 -4.306770070874689771e-01 3.459498446269332339e-01 -7.316882322306440534e-01
-4.905746902620042316e-01 2.914599880336142146e+00 -2.000000000000000000e+00 -3.991702481012442849e+00
-1.000000000000000194e-02 3.523512998802822871e+00 0.000000000000000000e+00 -4.000000000000000222e-01
-1.000000000000000194e-02 3.788654508619809569e+00 0.000000000000000000e+00 0.000000000000000000e+00
-1.995000000000000245e-02 3.765936690743495241e+00 0.000000000000000000e+00 0.000000000000000000e+00
-1.000000000000000194e-02 -1.000000000000000194e-02 -4.000000000000000222e-01 -4.000000000000000222e-01
-1.739738962989660631e-01 3.501964718230775375e+00 -4.965775819997137602e-02 -9.951391235528879164e-01
1.328784148925388209e+00 2.555018034477301025e+00 1.709641468989253399e+00 -9.958098165324849593e-02
-7.237712472889434867e-01 -7.182104577892838293e-01 1.763902915347392408e+00 -6.536143494947006527e-01
4.579628883147710688e-02 3.149673818765931443e+00 2.803737770840120658e-01 -7.714073505481984505e-02
-2.349727661580080507e-01 -2.686535840036216038e-01 -5.021421382717879967e-01 7.021469088449671103e-01
1.378594160441667382e-01 4.146924875736673677e+00 -1.252598971392863136e+00 9.803655174326459942e-01
4.878707505535532785e-01 3.801452870233177794e+00 -2.703710856201660961e-01 8.647809264187118483e-01
-2.003778843744503102e-01 3.197705809032506785e+00 5.245190685802340047e-01 1.129904147858147967e+00
-4.229473069352172043e-01 3.232650561043866055e+00 0.000000000000000000e+00 1.702002417063284700e-01
1.294987764783485651e-01 -2.073087647174957082e-01 -2.256000496089880514e-01 -2.703471010147968090e-01
0.000000000000000000e+00 0.000000000000000000e+00 0.000000000000000000e+00 0.000000000000000000e+00
0.000000000000000000e+00 0.000000000000000000e+00 0.000000000000000000e+00 0.000000000000000000e+00
0.000000000000000000e+00 0.000000000000000000e+00 0.000000000000000000e+00 0.000000000000000000e+00
0.000000000000000000e+00 0.000000000000000000e+00 0.000000000000000000e+00 0.000000000000000000e+00
0.000000000000000000e+00 0.000000000000000000e+00 0.000000000000000000e+00 0.000000000000000000e+00
0.000000000000000000e+00 0.000000000000000000e+00 0.000000000000000000e+00 0.000000000000000000e+00
0.000000000000000000e+00 0.000000000000000000e+00 0.000000000000000000e+00 0.000000000000000000e+00
0.000000000000000000e+00 0.000000000000000000e+00 0.000000000000000000e+00 0.000000000000000000e+00
0.000000000000000000e+00 0.000000000000000000e+00 0.000000000000000000e+00 0.000000000000000000e+00
0.000000000000000000e+00 0.000000000000000000e+00 0.000000000000000000e+00 0.000000000000000000e+00
0.000000000000000000e+00 0.000000000000000000e+00 0.000000000000000000e+00 0.000000000000000000e+00
-4.000000000000000222e-01 0.000000000000000000e+00 0.000000000000000000e+00 0.000000000000000000e+00
-4.000000000000000222e-01 0.000000000000000000e+00 0.000000000000000000e+00 0.000000000000000000e+00
0.000000000000000000e+00 0.000000000000000000e+00 0.000000000000000000e+00 0.000000000000000000e+00
0.000000000000000000e+00 0.000000000000000000e+00 0.000000000000000000e+00 0.000000000000000000e+00
0.000000000000000000e+00 0.000000000000000000e+00 0.000000000000000000e+00 0.000000000000000000e+00
0.000000000000000000e+00 0.000000000000000000e+00 0.000000000000000000e+00 0.000000000000000000e+00
0.000000000000000000e+00 0.000000000000000000e+00 0.000000000000000000e+00 0.000000000000000000e+00
0.000000000000000000e+00 0.000000000000000000e+00 0.000000000000000000e+00 0.000000000000000000e+00
0.000000000000000000e+00 0.000000000000000000e+00 0.000000000000000000e+00 0.000000000000000000e+00
-1.600000000000000089e+00 -2.941599999999999770e+00 -3.517804737357871914e-01 -2.978972800237676966e-01
-4.000000000000000222e-01 -4.000000000000000222e-01 -3.270932067210721716e-02 5.335257200632416152e-01
-4.000000000000000222e-01 -7.600000000000000089e-01 3.954084515737400496e-01 -2.664185762456649370e-02
-4.000000000000000222e-01 -4.000000000000000222e-01 -2.015211165566964668e-01 -2.788114484146582139e-01
0.000000000000000000e+00 0.000000000000000000e+00 0.000000000000000000e+00 0.000000000000000000e+00
0.000000000000000000e+00 0.000000000000000000e+00 0.000000000000000000e+00 0.000000000000000000e+00
0.000000000000000000e+00 0.000000000000000000e+00 0.000000000000000000e+00 0.000000000000000000e+00
0.000000000000000000e+00 0.000000000000000000e+00 0.000000000000000000e+00 0.000000000000000000e+00
0.000000000000000000e+00 0.000000000000000000e+00 0.000000000000000000e+00 0.000000000000000000e+00
0.000000000000000000e+00 0.000000000000000000e+00 0.000000000000000000e+00 0.000000000000000000e+00
-1.147071899999999867e-01 -1.147071899999999867e-01 1.091519935919074813e+00 -2.599999999999999645e+00
-1.000000000000000194e-02 1.302138542527362386e-01 1.271355791348075082e+00 0.000000000000000000e+00
-1.000000000000000194e-02 -1.000000000000000194e-02 6.963769552440270127e-02 0.000000000000000000e+00
0.000000000000000000e+00 0.000000000000000000e+00 0.000000000000000000e+00 0.000000000000000000e+00
0.000000000000000000e+00 0.000000000000000000e+00 0.000000000000000000e+00 0.000000000000000000e+00
0.000000000000000000e+00 0.000000000000000000e+00 0.000000000000000000e+00 0.000000000000000000e+00
0.000000000000000000e+00 0.000000000000000000e+00 0.000000000000000000e+00 0.000000000000000000e+00
0.000000000000000000e+00 0.000000000000000000e+00 0.000000000000000000e+00 0.000000000000000000e+00
0.000000000000000000e+00 0.000000000000000000e+00 0.000000000000000000e+00 0.000000000000000000e+00
0.000000000000000000e+00 0.000000000000000000e+00 0.000000000000000000e+00 0.000000000000000000e+00
-8.078103841573640587e-01 -6.695792545771810378e-01 -8.518938465865841803e-01 6.224272394682683895e-01
-1.431389844933063926e-01 2.501173172873065176e-01 1.010614043094389514e+00 3.740557850742131096e-01
-1.350817460094067834e-01 -1.294993823951227918e-01 -4.009719160885111822e-01 1.139225239389282329e+00
-3.902526882960139498e-01 -3.927240422534149511e-01 9.531706462766696697e-02 -4.186660818700049802e-01
-6.979034965020994297e-02 -6.955094885080970180e-02 6.148361510998255619e-03 -1.120558218191071709e-01
2.793664738057838992e+00 0.000000000000000000e+00 0.000000000000000000e+00 -7.600000000000000089e-01
4.069642337922880770e+00 0.000000000000000000e+00 0.000000000000000000e+00 0.000000000000000000e+00
0.000000000000000000e+00 0.000000000000000000e+00 0.000000000000000000e+00 0.000000000000000000e+00
-1.000000000000000194e-02 -4.000000000000000222e-01 0.000000000000000000e+00 0.000000000000000000e+00
0.000000000000000000e+00 0.000000000000000000e+00 0.000000000000000000e+00 0.000000000000000000e+00
3.315270329394310433e+00 -3.520019494911999836e+00 -5.032543918215204304e-01 -3.998744859575401822e+00
2.902751138211466575e+00 0.000000000000000000e+00 9.043597280280185613e-01 -2.299388800000000010e+00
-4.950249375625000864e-02 -4.950249375625000864e-02 7.740561351171237892e-01 -5.455293911515990413e-02
3.539887028043757322e+00 -1.000000000000000194e-02 -3.921425155903529580e-02 -4.625128474494047404e-02
1.887020811320524738e-01 -4.000000000000000222e-01 -5.095767076735610579e-02 -1.839942841875557428e-02
3.194166827247777452e+00 -3.573253119999999505e+00 0.000000000000000000e+00 4.517946522563176526e-01
3.198581149735975515e+00 -1.375600000000000156e+00 -3.567237617771727015e-02 -6.031375278152976971e-02
-6.079783018991516755e-03 -4.000000000000000222e-01 5.149696261030048960e-01 2.546713654619646161e-01
2.934239116539558268e+00 -4.000000000000000222e-01 -2.145261183641197431e-02 -2.808932158837090798e-02
-1.090000000000000170e-02 -4.000000000000000222e-01 -1.276309000000000297e-02 -2.063960879729704115e-02
4.370740644867293412e+00 -6.775906404354818946e-01 3.775797727873805298e-01 8.641836052346343333e-01
3.656274828806822086e+00 -1.138882699408683558e-01 8.067956102291602427e-01 5.717836808736040943e-01
3.401936271027071967e+00 -4.294039900000000687e-01 7.451906040273860166e-01 2.698401367527445416e-01
3.220182861885084513e+00 -7.725530557207993532e-02 3.142262698521501585e-02 3.175177225122894908e-01
-6.881241906806313813e-02 3.599861888502146723e+00 -4.066835394997703745e-01 -1.299055578357036222e-01
3.176825527462738386e+00 3.314107148223915944e-01 0.000000000000000000e+00 -3.827167513600000071e+00
4.400329034266252215e+00 -1.730481505892593197e-01 0.000000000000000000e+00 -7.600000000000000089e-01
9.355087462511072482e-01 -1.000000000000000194e-02 -4.000000000000000222e-01 -4.000000000000000222e-01
3.010064388829087001e+00 0.000000000000000000e+00 0.000000000000000000e+00 0.000000000000000000e+00
-1.000000000000000194e-02 0.000000000000000000e+00 0.000000000000000000e+00 0.000000000000000000e+00
3.611821084149575256e+00 -8.015397111047063428e-01 -1.493897638394316441e-01 -6.144393590517249759e-01
2.743838723463530194e+00 9.208297893002208578e-01 1.507802245959709797e+00 -7.804013622269576067e-02
2.997990466410982435e+00 1.880360064019768462e-01 -6.125612491789284020e-02 -5.585974909440911962e-02
3.229209396534148624e+00 -1.751639092988745983e-01 -1.784225967237680344e-01 -1.623441667646173814e-01
3.433972283600839948e+00 -4.000000000000000222e-01 -8.310944049341983941e-02 -6.855595062022386277e-02
3.752865284565805482e+00 1.790048000021155633e-02 -4.369690321319452675e-01 1.183234522356847229e+00
3.837979099891217327e+00 8.787030092655599978e-01 -8.188213555236398267e-02 2.064699092066604624e+00
3.907800682972887518e+00 4.056255381101934177e-01 -2.420370220461441901e-01 1.601412443737088576e-01
2.600811852144360614e+00 -2.906743981071203131e-01 -2.772647811729443967e-01 -1.226609013894283257e-01
1.238810287622677198e+00 -3.726001000000001007e-02 -1.031682940168260620e-01 -1.157383790788014122e-01
0.000000000000000000e+00 0.000000000000000000e+00 0.000000000000000000e+00 0.000000000000000000e+00
0.000000000000000000e+00 0.000000000000000000e+00 0.000000000000000000e+00 0.000000000000000000e+00
0.000000000000000000e+00 0.000000000000000000e+00 0.000000000000000000e+00 0.000000000000000000e+00
0.000000000000000000e+00 0.000000000000000000e+00 0.000000000000000000e+00 0.000000000000000000e+00
0.000000000000000000e+00 0.000000000000000000e+00 0.000000000000000000e+00 0.000000000000000000e+00
0.000000000000000000e+00 0.000000000000000000e+00 0.000000000000000000e+00 0.000000000000000000e+00
0.000000000000000000e+00 0.000000000000000000e+00 0.000000000000000000e+00 0.000000000000000000e+00
0.000000000000000000e+00 0.000000000000000000e+00 0.000000000000000000e+00 0.000000000000000000e+00
0.000000000000000000e+00 0.000000000000000000e+00 0.000000000000000000e+00 0.000000000000000000e+00
0.000000000000000000e+00 0.000000000000000000e+00 0.000000000000000000e+00 0.000000000000000000e+00
0.000000000000000000e+00 0.000000000000000000e+00 0.000000000000000000e+00 0.000000000000000000e+00
0.000000000000000000e+00 0.000000000000000000e+00 0.000000000000000000e+00 0.000000000000000000e+00
0.000000000000000000e+00 0.000000000000000000e+00 0.000000000000000000e+00 0.000000000000000000e+00
0.000000000000000000e+00 0.000000000000000000e+00 0.000000000000000000e+00 0.000000000000000000e+00
0.000000000000000000e+00 0.000000000000000000e+00 0.000000000000000000e+00 0.000000000000000000e+00
0.000000000000000000e+00 0.000000000000000000e+00 0.000000000000000000e+00 0.000000000000000000e+00
0.000000000000000000e+00 0.000000000000000000e+00 0.000000000000000000e+00 0.000000000000000000e+00
0.000000000000000000e+00 0.000000000000000000e+00 0.000000000000000000e+00 0.000000000000000000e+00
0.000000000000000000e+00 0.000000000000000000e+00 0.000000000000000000e+00 0.000000000000000000e+00
0.000000000000000000e+00 0.000000000000000000e+00 0.000000000000000000e+00 0.000000000000000000e+00
0.000000000000000000e+00 0.000000000000000000e+00 0.000000000000000000e+00 0.000000000000000000e+00
0.000000000000000000e+00 0.000000000000000000e+00 0.000000000000000000e+00 0.000000000000000000e+00
0.000000000000000000e+00 0.000000000000000000e+00 0.000000000000000000e+00 0.000000000000000000e+00
0.000000000000000000e+00 0.000000000000000000e+00 0.000000000000000000e+00 0.000000000000000000e+00
0.000000000000000000e+00 0.000000000000000000e+00 0.000000000000000000e+00 0.000000000000000000e+00
0.000000000000000000e+00 0.000000000000000000e+00 0.000000000000000000e+00 0.000000000000000000e+00
0.000000000000000000e+00 0.000000000000000000e+00 0.000000000000000000e+00 0.000000000000000000e+00
0.000000000000000000e+00 0.000000000000000000e+00 0.000000000000000000e+00 0.000000000000000000e+00
0.000000000000000000e+00 0.000000000000000000e+00 0.000000000000000000e+00 0.000000000000000000e+00
0.000000000000000000e+00 0.000000000000000000e+00 0.000000000000000000e+00 0.000000000000000000e+00
0.000000000000000000e+00 0.000000000000000000e+00 0.000000000000000000e+00 0.000000000000000000e+00
0.000000000000000000e+00 0.000000000000000000e+00 0.000000000000000000e+00 0.000000000000000000e+00
0.000000000000000000e+00 0.000000000000000000e+00 0.000000000000000000e+00 0.000000000000000000e+00
0.000000000000000000e+00 0.000000000000000000e+00 0.000000000000000000e+00 0.000000000000000000e+00
0.000000000000000000e+00 0.000000000000000000e+00 0.000000000000000000e+00 0.000000000000000000e+00
0.000000000000000000e+00 0.000000000000000000e+00 0.000000000000000000e+00 0.000000000000000000e+00
0.000000000000000000e+00 0.000000000000000000e+00 0.000000000000000000e+00 0.000000000000000000e+00
0.000000000000000000e+00 0.000000000000000000e+00 0.000000000000000000e+00 0.000000000000000000e+00
0.000000000000000000e+00 0.000000000000000000e+00 0.000000000000000000e+00 0.000000000000000000e+00
0.000000000000000000e+00 0.000000000000000000e+00 0.000000000000000000e+00 0.000000000000000000e+00
0.000000000000000000e+00 1.394147378598084686e+00 0.000000000000000000e+00 0.000000000000000000e+00
2.265088913992589215e-01 0.000000000000000000e+00 0.000000000000000000e+00 0.000000000000000000e+00
2.124950140064891801e-01 0.000000000000000000e+00 0.000000000000000000e+00 0.000000000000000000e+00
0.000000000000000000e+00 0.000000000000000000e+00 0.000000000000000000e+00 0.000000000000000000e+00
0.000000000000000000e+00 0.000000000000000000e+00 0.000000000000000000e+00 0.000000000000000000e+00
0.000000000000000000e+00 0.000000000000000000e+00 0.000000000000000000e+00 0.000000000000000000e+00
0.000000000000000000e+00 0.000000000000000000e+00 0.000000000000000000e+00 0.000000000000000000e+00
0.000000000000000000e+00 0.000000000000000000e+00 0.000000000000000000e+00 0.000000000000000000e+00
0.000000000000000000e+00 0.000000000000000000e+00 0.000000000000000000e+00 0.000000000000000000e+00
0.000000000000000000e+00 0.000000000000000000e+00 0.000000000000000000e+00 0.000000000000000000e+00
0.000000000000000000e+00 0.000000000000000000e+00 0.000000000000000000e+00 0.000000000000000000e+00
0.000000000000000000e+00 0.000000000000000000e+00 0.000000000000000000e+00 0.000000000000000000e+00
0.000000000000000000e+00 0.000000000000000000e+00 0.000000000000000000e+00 0.000000000000000000e+00
0.000000000000000000e+00 0.000000000000000000e+00 0.000000000000000000e+00 0.000000000000000000e+00
0.000000000000000000e+00 0.000000000000000000e+00 0.000000000000000000e+00 0.000000000000000000e+00
0.000000000000000000e+00 0.000000000000000000e+00 0.000000000000000000e+00 0.000000000000000000e+00
0.000000000000000000e+00 0.000000000000000000e+00 0.000000000000000000e+00 0.000000000000000000e+00
0.000000000000000000e+00 0.000000000000000000e+00 0.000000000000000000e+00 0.000000000000000000e+00
0.000000000000000000e+00 0.000000000000000000e+00 0.000000000000000000e+00 0.000000000000000000e+00
0.000000000000000000e+00 0.000000000000000000e+00 0.000000000000000000e+00 0.000000000000000000e+00
6.399392519370612487e-01 0.000000000000000000e+00 0.000000000000000000e+00 0.000000000000000000e+00
5.076967622266408409e-01 0.000000000000000000e+00 0.000000000000000000e+00 0.000000000000000000e+00
-2.413511259544658810e-02 -2.365468481606977993e-02 1.050194710229245820e-01 0.000000000000000000e+00
1.402134089648028326e-01 0.000000000000000000e+00 0.000000000000000000e+00 0.000000000000000000e+00
0.000000000000000000e+00 0.000000000000000000e+00 0.000000000000000000e+00 0.000000000000000000e+00
0.000000000000000000e+00 0.000000000000000000e+00 0.000000000000000000e+00 0.000000000000000000e+00
0.000000000000000000e+00 0.000000000000000000e+00 0.000000000000000000e+00 0.000000000000000000e+00
-1.000000000000000194e-02 0.000000000000000000e+00 0.000000000000000000e+00 0.000000000000000000e+00
0.000000000000000000e+00 0.000000000000000000e+00 0.000000000000000000e+00 0.000000000000000000e+00
0.000000000000000000e+00 0.000000000000000000e+00 0.000000000000000000e+00 0.000000000000000000e+00
4.820131764064321533e-01 1.196236705996253757e+00 0.000000000000000000e+00 0.000000000000000000e+00
-2.989784297189861367e-03 8.139257541324504963e-01 -1.310457610944064377e-02 0.000000000000000000e+00
-1.860561324920759901e-02 -3.686961147953818677e-04 1.456292545236806957e-01 0.000000000000000000e+00
0.000000000000000000e+00 0.000000000000000000e+00 0.000000000000000000e+00 0.000000000000000000e+00
0.000000000000000000e+00 0.000000000000000000e+00 0.000000000000000000e+00 0.000000000000000000e+00
9.263560037202331898e-01 0.000000000000000000e+00 0.000000000000000000e+00 6.347830817676808346e-02
7.886639036742202347e-01 0.000000000000000000e+00 0.000000000000000000e+00 0.000000000000000000e+00
1.982619384708300507e-03 0.000000000000000000e+00 0.000000000000000000e+00 0.000000000000000000e+00
0.000000000000000000e+00 0.000000000000000000e+00 0.000000000000000000e+00 0.000000000000000000e+00
0.000000000000000000e+00 0.000000000000000000e+00 0.000000000000000000e+00 0.000000000000000000e+00
0.000000000000000000e+00 0.000000000000000000e+00 0.000000000000000000e+00 0.000000000000000000e+00
0.000000000000000000e+00 0.000000000000000000e+00 0.000000000000000000e+00 0.000000000000000000e+00
0.000000000000000000e+00 0.000000000000000000e+00 0.000000000000000000e+00 0.000000000000000000e+00
0.000000000000000000e+00 0.000000000000000000e+00 0.000000000000000000e+00 0.000000000000000000e+00
0.000000000000000000e+00 0.000000000000000000e+00 0.000000000000000000e+00 0.000000000000000000e+00
