0.000000000000000000e+00 0.000000000000000000e+00 0.000000000000000000e+00 0.000000000000000000e+00
0.000000000000000000e+00 0.000000000000000000e+00 0.000000000000000000e+00 0.000000000000000000e+00
-8.000000000000000444e-01 -1.232000000000000206e+00 -1.180800000000000072e+00 4.447055535712216567e+00
-8.000000000000000444e-01 -1.999335167364008736e+00 1.959399619971257112e+00 4.464631114346261143e+00
0.000000000000000000e+00 0.000000000000000000e+00 0.000000000000000000e+00 0.000000000000000000e+00
0.000000000000000000e+00 0.000000000000000000e+00 0.000000000000000000e+00 0.000000000000000000e+00
-5.440000000000000391e-02 2.297440938915989328e+00 -1.508480000000000043e+00 1.528688141942059708e+00
-1.054950400000000260e-01 2.435723816231697203e+00 2.157196966589746800e+00 5.027418556800235194e+00
0.000000000000000000e+00 0.000000000000000000e+00 0.000000000000000000e+00 0.000000000000000000e+00
1.740300525292701073e+00 -4.000000000000000222e-01 0.000000000000000000e+00 0.000000000000000000e+00
1.797497669343972371e+00 -1.999932707832714041e+00 -1.344640000000000057e+00 4.555286135454627683e+00
1.796273696427289845e+00 -1.595702468601898905e-01 2.086219247297940171e+00 5.270051661596354187e+00
4.911471349177912726e-01 2.368213909985024124e+00 0.000000000000000000e+00 0.000000000000000000e+00
1.576814913075762270e+00 2.401585918544349774e+00 1.818989965164802269e+00 -7.840000000000001135e-02
1.907565498009441862e+00 2.396934575329613626e+00 -7.840000000000001135e-02 4.893547919187852813e+00
0.000000000000000000e+00 0.000000000000000000e+00 0.000000000000000000e+00 0.000000000000000000e+00
0.000000000000000000e+00 0.000000000000000000e+00 0.000000000000000000e+00 0.000000000000000000e+00
0.000000000000000000e+00 0.000000000000000000e+00 0.000000000000000000e+00 0.000000000000000000e+00
-1.385600000000000165e+00 -8.000000000000000444e-01 -1.385600000000000165e+00 3.738770985439472949e-01
-1.956513456127999984e+00 -8.000000000000000444e-01 9.450422430694551679e-01 -2.910433658845695826e-01
-8.000000000000000444e-01 3.386748492892658335e-01 -1.508480000000000043e+00 -8.000000000000000444e-01
-1.992485525218918863e+00 1.875074092460226716e+00 -7.838606077866791533e-02 -9.086183699332621433e-02
-1.961209229772062912e+00 1.433294011992463091e+00 -1.995019379100098966e+00 8.912268729642993659e-01
-4.676476653599783706e-01 2.423865673269164134e+00 1.958659301003792041e+00 1.766146890128444058e+00
0.000000000000000000e+00 0.000000000000000000e+00 0.000000000000000000e+00 0.000000000000000000e+00
0.000000000000000000e+00 0.000000000000000000e+00 0.000000000000000000e+00 0.000000000000000000e+00
3.230896711137891675e-01 -4.000000000000000777e-02 -1.893831680000000350e+00 6.835798946300073453e-01
3.991106169200616116e-01 -4.787291948887750781e-01 2.323897465384148653e+00 1.592031560270480650e+00
2.644141097725505873e-01 1.356720996749174457e+00 -1.956513456127999984e+00 -8.000000000000000444e-01
1.025584314033112676e+00 2.697514268462888332e+00 1.474327665517008334e+00 -4.787291948887750781e-01
1.836976578246289904e+00 2.133625115369651715e-01 -4.785119987199787928e-01 2.798821953986285194e-01
0.000000000000000000e+00 0.000000000000000000e+00 0.000000000000000000e+00 0.000000000000000000e+00
0.000000000000000000e+00 0.000000000000000000e+00 0.000000000000000000e+00 0.000000000000000000e+00
0.000000000000000000e+00 0.000000000000000000e+00 0.000000000000000000e+00 0.000000000000000000e+00
-4.000000000000000222e-01 -4.000000000000000222e-01 -7.200000000000000844e-01 2.618355533485376974e+00
-8.000000000000000444e-01 -1.987029633073173596e+00 1.865319076768099604e+00 2.218507458837591706e+00
0.000000000000000000e+00 0.000000000000000000e+00 0.000000000000000000e+00 0.000000000000000000e+00
0.000000000000000000e+00 0.000000000000000000e+00 0.000000000000000000e+00 0.000000000000000000e+00
-1.506534400000000273e-01 1.272053775966596856e+00 -1.232000000000000206e+00 2.707720766215680364e+00
-4.184551111015518687e-01 2.042008658814506106e+00 1.791023024702800059e+00 2.555667223666562737e+00
2.976021948727309407e+00 0.000000000000000000e+00 0.000000000000000000e+00 0.000000000000000000e+00
2.596976051376907790e+00 -1.849005056000000646e+00 1.841343718060018064e+00 -1.922714214399999788e-01
2.547242920276944211e+00 -1.999906722475322862e+00 -1.945641820160000091e+00 1.952223831851813252e+00
1.817495104946102558e+00 1.611984399211337626e+00 1.816234374697258458e+00 2.398513327328484657e+00
2.443964619396511662e+00 1.895355565966172939e+00 -1.909403033600000299e+00 -8.000000000000000444e-01
1.759994152558784331e+00 2.317570693467516207e+00 1.730893618187424599e+00 -4.042270799645171220e-01
2.359138931887047264e+00 2.277916489761246055e+00 -4.218562636299914570e-01 3.016356931524610374e+00
0.000000000000000000e+00 0.000000000000000000e+00 0.000000000000000000e+00 0.000000000000000000e+00
0.000000000000000000e+00 0.000000000000000000e+00 0.000000000000000000e+00 0.000000000000000000e+00
-8.000000000000000444e-01 -1.631360000000000365e+00 4.076520978959369046e+00 -1.040000000000000036e+00
0.000000000000000000e+00 0.000000000000000000e+00 0.000000000000000000e+00 0.000000000000000000e+00
-8.000000000000000444e-01 -1.942017941504000422e+00 4.585347493395497409e+00 1.722678774008092661e+00
0.000000000000000000e+00 0.000000000000000000e+00 0.000000000000000000e+00 0.000000000000000000e+00
-4.000000000000000777e-02 2.581157999914920342e+00 4.739060514409503710e+00 -1.972168611921920167e+00
0.000000000000000000e+00 0.000000000000000000e+00 0.000000000000000000e+00 0.000000000000000000e+00
3.284487019234052063e+00 2.476324909563874854e+00 4.760305414752497910e+00 2.053269942506108947e+00
2.237627394580147033e+00 0.000000000000000000e+00 0.000000000000000000e+00 0.000000000000000000e+00
1.998812932341088811e+00 -1.999967603261435745e+00 5.123241090981483836e+00 -1.927522426880000417e+00
2.079393124854814978e+00 -4.000000000000000222e-01 0.000000000000000000e+00 3.468940657717761167e-01
1.935088400117111807e+00 -1.064658288640000089e-01 4.716793612564437410e+00 2.091304599549589138e+00
8.048754684086854017e-01 2.486719813486730324e+00 0.000000000000000000e+00 0.000000000000000000e+00
1.965100320301903070e+00 2.548494240868757199e+00 4.860260241403322468e+00 3.314260398588916967e+00
1.947981328523911593e+00 2.435115829186424996e+00 0.000000000000000000e+00 1.348405380944576626e+00
0.000000000000000000e+00 0.000000000000000000e+00 0.000000000000000000e+00 0.000000000000000000e+00
0.000000000000000000e+00 0.000000000000000000e+00 0.000000000000000000e+00 0.000000000000000000e+00
-8.000000000000000444e-01 0.000000000000000000e+00 2.538685831612039756e+00 0.000000000000000000e+00
0.000000000000000000e+00 0.000000000000000000e+00 0.000000000000000000e+00 0.000000000000000000e+00
-1.985323291443200411e+00 -8.000000000000000444e-01 2.303295489973496757e+00 6.846810165336412179e-01
0.000000000000000000e+00 1.261848123435947766e+00 0.000000000000000000e+00 0.000000000000000000e+00
-1.999415674441023416e+00 2.700081705116593511e+00 1.220498992585299369e+00 -1.999997632367347844e+00
-1.280000000000000027e+00 2.005295453372504699e+00 0.000000000000000000e+00 0.000000000000000000e+00
-2.803554226342286904e-01 2.645857223692555049e+00 2.153277603844334642e+00 2.099648607356366270e+00
0.000000000000000000e+00 0.000000000000000000e+00 0.000000000000000000e+00 0.000000000000000000e+00
1.689386003368832156e+00 -1.014400000000000301e-01 2.873014757834735367e+00 -1.879204044800000695e+00
0.000000000000000000e+00 0.000000000000000000e+00 0.000000000000000000e+00 0.000000000000000000e+00
4.615112606499800485e-01 -2.733294281743139931e-01 1.270199742901239492e+00 2.431867479802740206e+00
2.307747915601442656e+00 1.551612187516473895e+00 -8.000000000000000444e-01 -1.999985964968695296e+00
1.920346064697525446e+00 2.800193727348684991e+00 2.240889893003831457e+00 -2.720803211950247325e-01
1.608689918293833010e+00 2.995169280269480261e+00 -2.742328214207132575e-01 1.583204642761205871e+00
0.000000000000000000e+00 0.000000000000000000e+00 0.000000000000000000e+00 0.000000000000000000e+00
0.000000000000000000e+00 0.000000000000000000e+00 0.000000000000000000e+00 0.000000000000000000e+00
-8.000000000000000444e-01 -8.000000000000000444e-01 2.417119973129197241e+00 0.000000000000000000e+00
0.000000000000000000e+00 0.000000000000000000e+00 0.000000000000000000e+00 0.000000000000000000e+00
-8.000000000000000444e-01 -1.989312746978017632e+00 1.852558259067483615e+00 2.079277576682130313e+00
0.000000000000000000e+00 0.000000000000000000e+00 0.000000000000000000e+00 0.000000000000000000e+00
-4.000000000000000777e-02 1.967911117469802740e+00 3.122165056845221276e+00 -1.967385092096000321e+00
0.000000000000000000e+00 0.000000000000000000e+00 0.000000000000000000e+00 0.000000000000000000e+00
-6.415941552496033928e-01 1.708643275458403554e+00 2.839973378923005942e+00 1.856102609510053902e+00
3.053694628865587291e+00 -7.200000000000000844e-01 0.000000000000000000e+00 0.000000000000000000e+00
2.828756785515292194e+00 -1.999969718524721163e+00 1.572998653904905675e+00 -1.999798747790708209e+00
2.850038094238807496e+00 -1.942017941504000422e+00 -6.400000000000001521e-02 1.200675322820259572e+00
3.314742295331831734e+00 1.133675414163890283e+00 2.402453648189486035e+00 2.064675402924344816e+00
1.915061976890610307e+00 2.383443056681007199e+00 -8.000000000000000444e-01 -1.998030125522988865e+00
3.062793241662642441e+00 2.242293894882262606e+00 2.291841456112986286e+00 -6.245867532728976990e-01
2.810595736386972909e+00 1.872281430610670316e+00 -6.339720844410754452e-01 1.383503090626488907e+00
0.000000000000000000e+00 0.000000000000000000e+00 0.000000000000000000e+00 0.000000000000000000e+00
0.000000000000000000e+00 0.000000000000000000e+00 0.000000000000000000e+00 0.000000000000000000e+00
-1.280000000000000027e+00 -8.000000000000000444e-01 8.797719457686509203e-01 0.000000000000000000e+00
0.000000000000000000e+00 0.000000000000000000e+00 0.000000000000000000e+00 0.000000000000000000e+00
-1.040000000000000036e+00 -8.000000000000000444e-01 1.092531616789583548e+00 0.000000000000000000e+00
-8.000000000000000444e-01 3.995034095668480667e+00 0.000000000000000000e+00 0.000000000000000000e+00
-1.548416000000000015e+00 5.442690770872308903e+00 2.331784605976409352e+00 -1.999108683171714862e+00
-1.385600000000000165e+00 2.667882166693675394e+00 0.000000000000000000e+00 5.926748041733387318e-01
-1.506534400000000273e-01 5.648296798238031435e+00 2.204256493924594107e+00 2.162610869533095226e+00
0.000000000000000000e+00 0.000000000000000000e+00 0.000000000000000000e+00 0.000000000000000000e+00
3.505453636101727444e-01 -4.000000000000000777e-02 1.942689542538639014e+00 -1.040000000000000036e+00
0.000000000000000000e+00 0.000000000000000000e+00 0.000000000000000000e+00 0.000000000000000000e+00
1.178328168293594658e+00 -1.846273024000000262e-01 1.159938585840127878e+00 2.474359508849155009e+00
1.979069377386300843e+00 5.550606103880094011e+00 -8.000000000000000444e-01 -1.961779404800000570e+00
1.944482962421196781e+00 5.323699612401506798e+00 2.107391880576788168e+00 -2.179531729763742320e-01
2.326984936037714391e+00 4.746827405379366205e+00 -9.124925440000000720e-02 2.341725780377599264e+00
0.000000000000000000e+00 0.000000000000000000e+00 0.000000000000000000e+00 0.000000000000000000e+00
0.000000000000000000e+00 0.000000000000000000e+00 0.000000000000000000e+00 0.000000000000000000e+00
-8.000000000000000444e-01 -8.000000000000000444e-01 2.308755886082582975e+00 0.000000000000000000e+00
0.000000000000000000e+00 0.000000000000000000e+00 0.000000000000000000e+00 0.000000000000000000e+00
-8.000000000000000444e-01 -1.539200000000000124e+00 2.419410078961590660e+00 1.226147930681323217e+00
0.000000000000000000e+00 0.000000000000000000e+00 0.000000000000000000e+00 0.000000000000000000e+00
-4.000000000000000777e-02 3.461734612868900829e-01 2.344545745816679627e+00 0.000000000000000000e+00
0.000000000000000000e+00 0.000000000000000000e+00 0.000000000000000000e+00 0.000000000000000000e+00
-1.373824000000000156e-01 1.738036033671090941e+00 2.088082577083242519e+00 2.031560282825248365e+00
5.152084865172140482e+00 -1.654400000000000315e+00 -8.000000000000000444e-01 -8.000000000000000444e-01
4.968369501207460459e+00 -1.924236776898560208e+00 2.151647024741538683e+00 -1.996905149901786913e+00
4.524298216716088561e+00 -1.385600000000000165e+00 0.000000000000000000e+00 1.939588219918735090e+00
5.912918911634013064e+00 -4.000000000000000777e-02 2.183750512958547940e+00 2.539179528342279557e+00
4.622139287285973452e+00 1.458261287390438810e+00 0.000000000000000000e+00 -1.942017941504000422e+00
5.307894321781544633e+00 2.052416160603752537e+00 2.316430987916723527e+00 -1.337654812852104580e-01
4.925754605126824615e+00 2.035946655895940705e+00 -4.000000000000000777e-02 2.403819315174017923e+00
0.000000000000000000e+00 0.000000000000000000e+00 0.000000000000000000e+00 0.000000000000000000e+00
0.000000000000000000e+00 0.000000000000000000e+00 0.000000000000000000e+00 0.000000000000000000e+00
-4.000000000000000222e-01 -4.000000000000000222e-01 0.000000000000000000e+00 0.000000000000000000e+00
0.000000000000000000e+00 0.000000000000000000e+00 0.000000000000000000e+00 0.000000000000000000e+00
-8.000000000000000444e-01 0.000000000000000000e+00 0.000000000000000000e+00 1.665448801020933844e+00
0.000000000000000000e+00 0.000000000000000000e+00 0.000000000000000000e+00 0.000000000000000000e+00
1.261875434863128698e+00 0.000000000000000000e+00 0.000000000000000000e+00 0.000000000000000000e+00
0.000000000000000000e+00 0.000000000000000000e+00 0.000000000000000000e+00 0.000000000000000000e+00
2.054069370010800810e+00 7.648290475459182947e-01 0.000000000000000000e+00 0.000000000000000000e+00
3.918104882120564958e-01 0.000000000000000000e+00 0.000000000000000000e+00 0.000000000000000000e+00
1.846218665816387716e+00 0.000000000000000000e+00 0.000000000000000000e+00 -4.000000000000000222e-01
1.327205791160536830e+00 0.000000000000000000e+00 0.000000000000000000e+00 0.000000000000000000e+00
2.125774699548608648e+00 0.000000000000000000e+00 0.000000000000000000e+00 4.136787007023843832e-01
1.744380472041796803e+00 0.000000000000000000e+00 0.000000000000000000e+00 0.000000000000000000e+00
1.961309775150662515e+00 -8.156971730422429845e-02 0.000000000000000000e+00 0.000000000000000000e+00
2.119061879104836343e+00 0.000000000000000000e+00 0.000000000000000000e+00 0.000000000000000000e+00
0.000000000000000000e+00 0.000000000000000000e+00 0.000000000000000000e+00 0.000000000000000000e+00
